150.0,152.0,150.0,56.0,232.0,56.0,232.0,152.0
148.0,151.0,148.0,56.0,229.0,56.0,229.0,151.0
146.0,150.0,146.0,56.0,226.0,56.0,226.0,150.0
144.0,150.0,144.0,56.0,223.0,56.0,223.0,150.0
143.0,149.0,143.0,56.0,221.0,56.0,221.0,149.0
141.0,149.0,141.0,56.0,218.0,56.0,218.0,149.0
139.0,148.0,139.0,56.0,215.0,56.0,215.0,148.0
138.0,148.0,138.0,56.0,214.0,56.0,214.0,148.0
136.0,147.0,136.0,55.0,212.0,55.0,212.0,147.0
134.0,148.0,134.0,55.0,211.0,55.0,211.0,148.0
132.0,148.0,132.0,54.0,209.0,54.0,209.0,148.0
123.0,149.0,123.0,55.0,201.0,55.0,201.0,149.0
122.0,152.0,122.0,57.0,200.0,57.0,200.0,152.0
113.0,151.0,113.0,55.0,192.0,55.0,192.0,151.0
106.0,151.0,106.0,55.0,186.0,55.0,186.0,151.0
107.0,151.0,107.0,54.0,187.0,54.0,187.0,151.0
105.0,150.0,105.0,52.0,186.0,52.0,186.0,150.0
111.0,156.0,111.0,58.0,192.0,58.0,192.0,156.0
115.0,154.0,115.0,55.0,197.0,55.0,197.0,154.0
113.0,160.0,113.0,60.0,196.0,60.0,196.0,160.0
114.0,160.0,114.0,61.0,197.0,61.0,197.0,160.0
115.0,159.0,115.0,60.0,198.0,60.0,198.0,159.0
117.0,162.0,117.0,63.0,200.0,63.0,200.0,162.0
119.0,159.0,119.0,60.0,202.0,60.0,202.0,159.0
120.0,159.0,120.0,60.0,203.0,60.0,203.0,159.0
119.0,157.0,119.0,58.0,202.0,58.0,202.0,157.0
123.0,158.0,123.0,59.0,206.0,59.0,206.0,158.0
124.0,152.0,124.0,53.0,207.0,53.0,207.0,152.0
128.0,153.0,128.0,54.0,211.0,54.0,211.0,153.0
130.0,150.0,130.0,51.0,213.0,51.0,213.0,150.0
131.0,149.0,131.0,50.0,214.0,50.0,214.0,149.0
134.0,145.0,134.0,46.0,217.0,46.0,217.0,145.0
136.0,145.0,136.0,46.0,219.0,46.0,219.0,145.0
138.0,145.0,138.0,46.0,221.0,46.0,221.0,145.0
140.0,144.0,140.0,45.0,223.0,45.0,223.0,144.0
142.0,144.0,142.0,45.0,225.0,45.0,225.0,144.0
144.0,144.0,144.0,45.0,227.0,45.0,227.0,144.0
141.0,144.0,141.0,45.0,224.0,45.0,224.0,144.0
138.0,144.0,138.0,45.0,222.0,45.0,222.0,144.0
135.0,144.0,135.0,45.0,220.0,45.0,220.0,144.0
132.0,144.0,132.0,45.0,217.0,45.0,217.0,144.0
129.0,144.0,129.0,45.0,215.0,45.0,215.0,144.0
126.0,144.0,126.0,45.0,213.0,45.0,213.0,144.0
119.0,150.0,119.0,51.0,207.0,51.0,207.0,150.0
116.0,151.0,116.0,52.0,204.0,52.0,204.0,151.0
114.0,152.0,114.0,53.0,203.0,53.0,203.0,152.0
110.0,150.0,110.0,51.0,200.0,51.0,200.0,150.0
109.0,149.0,109.0,50.0,199.0,50.0,199.0,149.0
103.0,151.0,103.0,52.0,194.0,52.0,194.0,151.0
105.0,144.0,105.0,45.0,197.0,45.0,197.0,144.0
103.0,145.0,103.0,46.0,196.0,46.0,196.0,145.0
106.0,146.0,106.0,47.0,197.0,47.0,197.0,146.0
109.0,147.0,109.0,48.0,198.0,48.0,198.0,147.0
112.0,149.0,112.0,50.0,199.0,50.0,199.0,149.0
116.0,151.0,116.0,51.0,202.0,51.0,202.0,151.0
119.0,153.0,119.0,53.0,203.0,53.0,203.0,153.0
122.0,154.0,122.0,54.0,204.0,54.0,204.0,154.0
131.0,158.0,131.0,57.0,212.0,57.0,212.0,158.0
136.0,162.0,136.0,62.0,216.0,62.0,216.0,162.0
140.0,161.0,140.0,61.0,220.0,61.0,220.0,161.0
143.0,158.0,143.0,58.0,223.0,58.0,223.0,158.0
143.0,157.0,143.0,57.0,223.0,57.0,223.0,157.0
153.0,154.0,153.0,55.0,233.0,55.0,233.0,154.0
148.0,152.0,148.0,53.0,228.0,53.0,228.0,152.0
156.0,151.0,156.0,52.0,236.0,52.0,236.0,151.0
149.0,154.0,149.0,55.0,229.0,55.0,229.0,154.0
146.0,156.0,146.0,58.0,225.0,58.0,225.0,156.0
143.0,155.0,143.0,58.0,222.0,58.0,222.0,155.0
141.0,155.0,141.0,58.0,220.0,58.0,220.0,155.0
139.0,155.0,139.0,58.0,218.0,58.0,218.0,155.0
137.0,155.0,137.0,58.0,216.0,58.0,216.0,155.0
135.0,150.0,135.0,53.0,214.0,53.0,214.0,150.0
136.0,150.0,136.0,53.0,215.0,53.0,215.0,150.0
137.0,150.0,137.0,53.0,216.0,53.0,216.0,150.0
138.0,150.0,138.0,53.0,217.0,53.0,217.0,150.0
137.0,150.0,137.0,54.0,216.0,54.0,216.0,150.0
136.0,151.0,136.0,55.0,215.0,55.0,215.0,151.0
135.0,153.0,135.0,57.0,214.0,57.0,214.0,153.0
135.0,153.0,135.0,58.0,214.0,58.0,214.0,153.0
134.0,154.0,134.0,59.0,213.0,59.0,213.0,154.0
133.0,156.0,133.0,61.0,212.0,61.0,212.0,156.0
130.0,152.0,130.0,57.0,209.0,57.0,209.0,152.0
128.0,149.0,128.0,55.0,207.0,55.0,207.0,149.0
125.0,152.0,125.0,58.0,204.0,58.0,204.0,152.0
126.0,151.0,126.0,57.0,205.0,57.0,205.0,151.0
126.0,153.0,126.0,59.0,205.0,59.0,205.0,153.0
129.0,162.0,129.0,69.0,208.0,69.0,208.0,162.0
128.0,163.0,128.0,70.0,207.0,70.0,207.0,163.0
127.0,164.0,127.0,71.0,206.0,71.0,206.0,164.0
128.0,164.0,128.0,71.0,208.0,71.0,208.0,164.0
133.0,167.0,133.0,75.0,212.0,75.0,212.0,167.0
131.0,168.0,131.0,76.0,210.0,76.0,210.0,168.0
137.0,156.0,137.0,64.0,216.0,64.0,216.0,156.0
141.0,155.0,141.0,63.0,220.0,63.0,220.0,155.0
143.0,149.0,143.0,57.0,222.0,57.0,222.0,149.0
150.0,147.0,150.0,56.0,229.0,56.0,229.0,147.0
152.0,152.0,152.0,61.0,231.0,61.0,231.0,152.0
151.0,154.0,151.0,63.0,230.0,63.0,230.0,154.0
153.0,154.0,153.0,63.0,231.0,63.0,231.0,154.0
155.0,152.0,155.0,61.0,233.0,61.0,233.0,152.0
157.0,153.0,157.0,63.0,235.0,63.0,235.0,153.0
156.0,149.0,156.0,59.0,234.0,59.0,234.0,149.0
152.0,146.0,152.0,56.0,230.0,56.0,230.0,146.0
151.0,148.0,151.0,58.0,229.0,58.0,229.0,148.0
151.0,146.0,151.0,56.0,229.0,56.0,229.0,146.0
153.0,144.0,153.0,54.0,231.0,54.0,231.0,144.0
151.0,148.0,151.0,58.0,229.0,58.0,229.0,148.0
140.0,147.0,140.0,57.0,219.0,57.0,219.0,147.0
141.0,149.0,141.0,58.0,220.0,58.0,220.0,149.0
132.0,149.0,132.0,58.0,212.0,58.0,212.0,149.0
134.0,152.0,134.0,61.0,214.0,61.0,214.0,152.0
128.0,152.0,128.0,60.0,209.0,60.0,209.0,152.0
125.0,152.0,125.0,60.0,206.0,60.0,206.0,152.0
124.0,149.0,124.0,57.0,206.0,57.0,206.0,149.0
121.0,150.0,121.0,57.0,204.0,57.0,204.0,150.0
126.0,151.0,126.0,58.0,209.0,58.0,209.0,151.0
126.0,151.0,126.0,58.0,210.0,58.0,210.0,151.0
124.0,150.0,124.0,56.0,208.0,56.0,208.0,150.0
124.0,154.0,124.0,60.0,209.0,60.0,209.0,154.0
128.0,155.0,128.0,61.0,213.0,61.0,213.0,155.0
128.0,153.0,128.0,58.0,214.0,58.0,214.0,153.0
128.0,155.0,128.0,60.0,214.0,60.0,214.0,155.0
127.0,152.0,127.0,57.0,214.0,57.0,214.0,152.0
130.0,152.0,130.0,56.0,218.0,56.0,218.0,152.0
130.0,151.0,130.0,55.0,217.0,55.0,217.0,151.0
130.0,150.0,130.0,54.0,217.0,54.0,217.0,150.0
130.0,150.0,130.0,54.0,217.0,54.0,217.0,150.0
142.0,151.0,142.0,55.0,228.0,55.0,228.0,151.0
148.0,151.0,148.0,55.0,234.0,55.0,234.0,151.0
148.0,149.0,148.0,53.0,234.0,53.0,234.0,149.0
151.0,153.0,151.0,57.0,237.0,57.0,237.0,153.0
154.0,152.0,154.0,56.0,239.0,56.0,239.0,152.0
150.0,154.0,150.0,58.0,235.0,58.0,235.0,154.0
152.0,149.0,152.0,53.0,237.0,53.0,237.0,149.0
145.0,151.0,145.0,54.0,230.0,54.0,230.0,151.0
143.0,147.0,143.0,50.0,227.0,50.0,227.0,147.0
146.0,146.0,146.0,49.0,230.0,49.0,230.0,146.0
142.0,144.0,142.0,47.0,226.0,47.0,226.0,144.0
141.0,147.0,141.0,50.0,224.0,50.0,224.0,147.0
141.0,142.0,141.0,45.0,224.0,45.0,224.0,142.0
140.0,145.0,140.0,48.0,223.0,48.0,223.0,145.0
134.0,142.0,134.0,45.0,217.0,45.0,217.0,142.0
137.0,147.0,137.0,50.0,219.0,50.0,219.0,147.0
134.0,146.0,134.0,49.0,216.0,49.0,216.0,146.0
133.0,145.0,133.0,48.0,215.0,48.0,215.0,145.0
131.0,145.0,131.0,47.0,213.0,47.0,213.0,145.0
129.0,141.0,129.0,43.0,211.0,43.0,211.0,141.0
126.0,139.0,126.0,40.0,209.0,40.0,209.0,139.0
123.0,136.0,123.0,36.0,206.0,36.0,206.0,136.0
123.0,135.0,123.0,34.0,207.0,34.0,207.0,135.0
128.0,132.0,128.0,30.0,212.0,30.0,212.0,132.0
123.0,134.0,123.0,31.0,208.0,31.0,208.0,134.0
124.0,133.0,124.0,30.0,209.0,30.0,209.0,133.0
126.0,134.0,126.0,30.0,212.0,30.0,212.0,134.0
130.0,139.0,130.0,34.0,216.0,34.0,216.0,139.0
135.0,144.0,135.0,38.0,222.0,38.0,222.0,144.0
135.0,147.0,135.0,40.0,222.0,40.0,222.0,147.0
135.0,144.0,135.0,36.0,223.0,36.0,223.0,144.0
135.0,147.0,135.0,39.0,223.0,39.0,223.0,147.0
135.0,147.0,135.0,38.0,224.0,38.0,224.0,147.0
134.0,141.0,134.0,31.0,223.0,31.0,223.0,141.0
139.0,138.0,139.0,27.0,229.0,27.0,229.0,138.0
138.0,142.0,138.0,30.0,228.0,30.0,228.0,142.0
138.0,139.0,138.0,26.0,229.0,26.0,229.0,139.0
136.0,139.0,136.0,27.0,226.0,27.0,226.0,139.0
137.0,137.0,137.0,26.0,226.0,26.0,226.0,137.0
141.0,140.0,141.0,30.0,229.0,30.0,229.0,140.0
137.0,148.0,137.0,39.0,225.0,39.0,225.0,148.0
137.0,143.0,137.0,35.0,224.0,35.0,224.0,143.0
137.0,149.0,137.0,42.0,223.0,42.0,223.0,149.0
137.0,145.0,137.0,39.0,223.0,39.0,223.0,145.0
136.0,144.0,136.0,38.0,221.0,38.0,221.0,144.0
137.0,137.0,137.0,32.0,221.0,32.0,221.0,137.0
137.0,136.0,137.0,32.0,221.0,32.0,221.0,136.0
137.0,135.0,137.0,32.0,220.0,32.0,220.0,135.0
139.0,133.0,139.0,31.0,221.0,31.0,221.0,133.0
135.0,131.0,135.0,30.0,216.0,30.0,216.0,131.0
133.0,130.0,133.0,30.0,214.0,30.0,214.0,130.0
139.0,134.0,139.0,35.0,219.0,35.0,219.0,134.0
143.0,135.0,143.0,36.0,222.0,36.0,222.0,135.0
141.0,136.0,141.0,38.0,220.0,38.0,220.0,136.0
144.0,137.0,144.0,40.0,222.0,40.0,222.0,137.0
141.0,141.0,141.0,45.0,218.0,45.0,218.0,141.0
131.0,139.0,131.0,44.0,208.0,44.0,208.0,139.0
125.0,141.0,125.0,47.0,201.0,47.0,201.0,141.0
121.0,139.0,121.0,46.0,196.0,46.0,196.0,139.0
119.0,137.0,119.0,44.0,194.0,44.0,194.0,137.0
119.0,137.0,119.0,44.0,193.0,44.0,193.0,137.0
119.0,135.0,119.0,42.0,193.0,42.0,193.0,135.0
117.0,136.0,117.0,42.0,191.0,42.0,191.0,136.0
111.0,136.0,111.0,42.0,185.0,42.0,185.0,136.0
113.0,137.0,113.0,42.0,187.0,42.0,187.0,137.0
112.0,138.0,112.0,43.0,186.0,43.0,186.0,138.0
113.0,135.0,113.0,39.0,187.0,39.0,187.0,135.0
117.0,135.0,117.0,39.0,191.0,39.0,191.0,135.0
124.0,135.0,124.0,38.0,198.0,38.0,198.0,135.0
125.0,130.0,125.0,33.0,199.0,33.0,199.0,130.0
125.0,130.0,125.0,32.0,199.0,32.0,199.0,130.0
124.0,120.0,124.0,22.0,198.0,22.0,198.0,120.0
131.0,128.0,131.0,29.0,205.0,29.0,205.0,128.0
138.0,134.0,138.0,35.0,212.0,35.0,212.0,134.0
139.0,138.0,139.0,39.0,213.0,39.0,213.0,138.0
141.0,134.0,141.0,34.0,215.0,34.0,215.0,134.0
147.0,137.0,147.0,37.0,221.0,37.0,221.0,137.0
149.0,136.0,149.0,35.0,223.0,35.0,223.0,136.0
151.0,136.0,151.0,35.0,225.0,35.0,225.0,136.0
153.0,138.0,153.0,36.0,227.0,36.0,227.0,138.0
151.0,140.0,151.0,38.0,225.0,38.0,225.0,140.0
157.0,138.0,157.0,35.0,231.0,35.0,231.0,138.0
156.0,139.0,156.0,36.0,230.0,36.0,230.0,139.0
158.0,141.0,158.0,37.0,232.0,37.0,232.0,141.0
159.0,145.0,159.0,41.0,233.0,41.0,233.0,145.0
159.0,145.0,159.0,40.0,233.0,40.0,233.0,145.0
160.0,143.0,160.0,38.0,234.0,38.0,234.0,143.0
152.0,141.0,152.0,36.0,227.0,36.0,227.0,141.0
147.0,143.0,147.0,37.0,222.0,37.0,222.0,143.0
142.0,142.0,142.0,36.0,218.0,36.0,218.0,142.0
140.0,143.0,140.0,36.0,216.0,36.0,216.0,143.0
132.0,144.0,132.0,37.0,209.0,37.0,209.0,144.0
130.0,143.0,130.0,36.0,207.0,36.0,207.0,143.0
128.0,145.0,128.0,37.0,206.0,37.0,206.0,145.0
124.0,143.0,124.0,35.0,202.0,35.0,202.0,143.0
125.0,144.0,125.0,35.0,204.0,35.0,204.0,144.0
130.0,147.0,130.0,38.0,209.0,38.0,209.0,147.0
130.0,151.0,130.0,41.0,210.0,41.0,210.0,151.0
135.0,153.0,135.0,43.0,215.0,43.0,215.0,153.0
140.0,155.0,140.0,45.0,221.0,45.0,221.0,155.0
148.0,155.0,148.0,44.0,229.0,44.0,229.0,155.0
151.0,154.0,151.0,43.0,233.0,43.0,233.0,154.0
153.0,155.0,153.0,43.0,235.0,43.0,235.0,155.0
153.0,155.0,153.0,43.0,236.0,43.0,236.0,155.0
163.0,159.0,163.0,47.0,246.0,47.0,246.0,159.0
163.0,160.0,163.0,47.0,247.0,47.0,247.0,160.0
163.0,161.0,163.0,48.0,247.0,48.0,247.0,161.0
163.0,162.0,163.0,48.0,248.0,48.0,248.0,162.0
163.0,162.0,163.0,48.0,248.0,48.0,248.0,162.0
163.0,164.0,163.0,49.0,249.0,49.0,249.0,164.0
162.0,164.0,162.0,49.0,248.0,49.0,248.0,164.0
162.0,164.0,162.0,49.0,248.0,49.0,248.0,164.0
162.0,164.0,162.0,49.0,248.0,49.0,248.0,164.0
162.0,164.0,162.0,49.0,249.0,49.0,249.0,164.0
162.0,164.0,162.0,49.0,249.0,49.0,249.0,164.0
162.0,164.0,162.0,49.0,249.0,49.0,249.0,164.0
162.0,164.0,162.0,49.0,249.0,49.0,249.0,164.0
162.0,164.0,162.0,49.0,250.0,49.0,250.0,164.0
162.0,164.0,162.0,49.0,250.0,49.0,250.0,164.0
161.0,164.0,161.0,49.0,249.0,49.0,249.0,164.0
161.0,164.0,161.0,49.0,249.0,49.0,249.0,164.0
161.0,164.0,161.0,49.0,250.0,49.0,250.0,164.0
161.0,164.0,161.0,49.0,250.0,49.0,250.0,164.0
161.0,165.0,161.0,49.0,250.0,49.0,250.0,165.0
161.0,165.0,161.0,49.0,250.0,49.0,250.0,165.0
155.0,159.0,155.0,43.0,245.0,43.0,245.0,159.0
161.0,158.0,161.0,42.0,251.0,42.0,251.0,158.0
159.0,153.0,159.0,37.0,249.0,37.0,249.0,153.0
157.0,155.0,157.0,39.0,247.0,39.0,247.0,155.0
156.0,148.0,156.0,32.0,247.0,32.0,247.0,148.0
150.0,149.0,150.0,33.0,241.0,33.0,241.0,149.0
147.0,147.0,147.0,31.0,238.0,31.0,238.0,147.0
152.0,151.0,152.0,35.0,243.0,35.0,243.0,151.0
149.0,162.0,149.0,46.0,241.0,46.0,241.0,162.0
153.0,162.0,153.0,46.0,245.0,46.0,245.0,162.0
154.0,165.0,154.0,49.0,246.0,49.0,246.0,165.0
157.0,166.0,157.0,49.0,250.0,49.0,250.0,166.0
161.0,166.0,161.0,49.0,253.0,49.0,253.0,166.0
162.0,155.0,162.0,38.0,254.0,38.0,254.0,155.0
165.0,154.0,165.0,37.0,257.0,37.0,257.0,154.0
162.0,151.0,162.0,34.0,254.0,34.0,254.0,151.0
168.0,149.0,168.0,32.0,260.0,32.0,260.0,149.0
165.0,148.0,165.0,30.0,257.0,30.0,257.0,148.0
165.0,145.0,165.0,27.0,257.0,27.0,257.0,145.0
167.0,146.0,167.0,28.0,259.0,28.0,259.0,146.0
164.0,151.0,164.0,33.0,256.0,33.0,256.0,151.0
161.0,151.0,161.0,33.0,253.0,33.0,253.0,151.0
161.0,154.0,161.0,35.0,253.0,35.0,253.0,154.0
159.0,153.0,159.0,34.0,251.0,34.0,251.0,153.0
153.0,152.0,153.0,33.0,245.0,33.0,245.0,152.0
149.0,152.0,149.0,33.0,241.0,33.0,241.0,152.0
137.0,152.0,137.0,33.0,229.0,33.0,229.0,152.0
135.0,146.0,135.0,27.0,227.0,27.0,227.0,146.0
125.0,142.0,125.0,22.0,217.0,22.0,217.0,142.0
122.0,142.0,122.0,22.0,214.0,22.0,214.0,142.0
116.0,142.0,116.0,22.0,208.0,22.0,208.0,142.0
114.0,144.0,114.0,24.0,206.0,24.0,206.0,144.0
112.0,149.0,112.0,29.0,204.0,29.0,204.0,149.0
113.0,152.0,113.0,31.0,205.0,31.0,205.0,152.0
111.0,155.0,111.0,34.0,203.0,34.0,203.0,155.0
115.0,156.0,115.0,35.0,207.0,35.0,207.0,156.0
118.0,154.0,118.0,33.0,210.0,33.0,210.0,154.0
121.0,150.0,121.0,29.0,213.0,29.0,213.0,150.0
124.0,150.0,124.0,29.0,216.0,29.0,216.0,150.0
127.0,150.0,127.0,29.0,219.0,29.0,219.0,150.0
130.0,150.0,130.0,29.0,222.0,29.0,222.0,150.0
133.0,150.0,133.0,29.0,225.0,29.0,225.0,150.0
136.0,150.0,136.0,29.0,228.0,29.0,228.0,150.0
139.0,152.0,139.0,30.0,232.0,30.0,232.0,152.0
134.0,152.0,134.0,30.0,227.0,30.0,227.0,152.0
129.0,152.0,129.0,30.0,222.0,30.0,222.0,152.0
124.0,152.0,124.0,30.0,217.0,30.0,217.0,152.0
114.0,155.0,114.0,33.0,207.0,33.0,207.0,155.0
109.0,156.0,109.0,34.0,202.0,34.0,202.0,156.0
102.0,149.0,102.0,27.0,195.0,27.0,195.0,149.0
96.0,146.0,96.0,24.0,189.0,24.0,189.0,146.0
86.0,142.0,86.0,20.0,179.0,20.0,179.0,142.0
83.0,139.0,83.0,17.0,176.0,17.0,176.0,139.0
81.0,141.0,81.0,19.0,174.0,19.0,174.0,141.0
82.0,139.0,82.0,17.0,175.0,17.0,175.0,139.0
80.0,145.0,80.0,23.0,173.0,23.0,173.0,145.0
74.0,150.0,74.0,28.0,167.0,28.0,167.0,150.0
73.0,151.0,73.0,30.0,166.0,30.0,166.0,151.0
71.0,153.0,71.0,33.0,164.0,33.0,164.0,153.0
65.0,153.0,65.0,33.0,158.0,33.0,158.0,153.0
59.0,152.0,59.0,33.0,152.0,33.0,152.0,152.0
52.0,154.0,52.0,35.0,145.0,35.0,145.0,154.0
48.0,150.0,48.0,32.0,141.0,32.0,141.0,150.0
47.0,149.0,47.0,32.0,140.0,32.0,140.0,149.0
43.0,145.0,43.0,28.0,136.0,28.0,136.0,145.0
46.0,146.0,46.0,30.0,139.0,30.0,139.0,146.0
54.0,144.0,54.0,28.0,147.0,28.0,147.0,144.0
57.0,148.0,57.0,33.0,150.0,33.0,150.0,148.0
57.0,153.0,57.0,38.0,150.0,38.0,150.0,153.0
60.0,153.0,60.0,38.0,152.0,38.0,152.0,153.0
66.0,154.0,66.0,39.0,158.0,39.0,158.0,154.0
72.0,153.0,72.0,37.0,163.0,37.0,163.0,153.0
76.0,156.0,76.0,40.0,167.0,40.0,167.0,156.0
83.0,153.0,83.0,37.0,173.0,37.0,173.0,153.0
89.0,146.0,89.0,29.0,179.0,29.0,179.0,146.0
92.0,138.0,92.0,21.0,181.0,21.0,181.0,138.0
101.0,134.0,101.0,17.0,190.0,17.0,190.0,134.0
109.0,132.0,109.0,14.0,198.0,14.0,198.0,132.0
117.0,132.0,117.0,14.0,206.0,14.0,206.0,132.0
129.0,135.0,129.0,17.0,218.0,17.0,218.0,135.0
127.0,139.0,127.0,21.0,216.0,21.0,216.0,139.0
126.0,138.0,126.0,20.0,215.0,20.0,215.0,138.0
134.0,141.0,134.0,23.0,223.0,23.0,223.0,141.0
125.0,141.0,125.0,23.0,215.0,23.0,215.0,141.0
131.0,141.0,131.0,23.0,221.0,23.0,221.0,141.0
127.0,139.0,127.0,21.0,217.0,21.0,217.0,139.0
131.0,138.0,131.0,20.0,221.0,20.0,221.0,138.0
128.0,136.0,128.0,18.0,218.0,18.0,218.0,136.0
125.0,134.0,125.0,16.0,216.0,16.0,216.0,134.0
126.0,136.0,126.0,18.0,217.0,18.0,217.0,136.0
124.0,136.0,124.0,18.0,215.0,18.0,215.0,136.0
124.0,145.0,124.0,27.0,215.0,27.0,215.0,145.0
123.0,146.0,123.0,28.0,214.0,28.0,214.0,146.0
124.0,139.0,124.0,21.0,216.0,21.0,216.0,139.0
125.0,142.0,125.0,24.0,217.0,24.0,217.0,142.0
126.0,142.0,126.0,24.0,218.0,24.0,218.0,142.0
128.0,140.0,128.0,22.0,220.0,22.0,220.0,140.0
128.0,142.0,128.0,24.0,220.0,24.0,220.0,142.0
129.0,133.0,129.0,14.0,222.0,14.0,222.0,133.0
140.0,131.0,140.0,13.0,232.0,13.0,232.0,131.0
139.0,134.0,139.0,17.0,230.0,17.0,230.0,134.0
138.0,136.0,138.0,20.0,228.0,20.0,228.0,136.0
140.0,141.0,140.0,26.0,229.0,26.0,229.0,141.0
143.0,147.0,143.0,32.0,231.0,32.0,231.0,147.0
139.0,149.0,139.0,35.0,226.0,35.0,226.0,149.0
138.0,150.0,138.0,37.0,224.0,37.0,224.0,150.0
141.0,144.0,141.0,32.0,226.0,32.0,226.0,144.0
135.0,138.0,135.0,26.0,220.0,26.0,220.0,138.0
138.0,135.0,138.0,24.0,222.0,24.0,222.0,135.0
144.0,133.0,144.0,23.0,227.0,23.0,227.0,133.0
146.0,134.0,146.0,25.0,228.0,25.0,228.0,134.0
148.0,135.0,148.0,27.0,229.0,27.0,229.0,135.0
152.0,140.0,152.0,32.0,232.0,32.0,232.0,140.0
146.0,143.0,146.0,36.0,225.0,36.0,225.0,143.0
143.0,145.0,143.0,39.0,221.0,39.0,221.0,145.0
130.0,138.0,130.0,33.0,207.0,33.0,207.0,138.0
131.0,140.0,131.0,35.0,208.0,35.0,208.0,140.0
119.0,139.0,119.0,35.0,196.0,35.0,196.0,139.0
114.0,133.0,114.0,29.0,191.0,29.0,191.0,133.0
115.0,130.0,115.0,26.0,192.0,26.0,192.0,130.0
117.0,126.0,117.0,22.0,194.0,22.0,194.0,126.0
118.0,133.0,118.0,29.0,195.0,29.0,195.0,133.0
114.0,134.0,114.0,31.0,191.0,31.0,191.0,134.0
113.0,133.0,113.0,30.0,190.0,30.0,190.0,133.0
113.0,139.0,113.0,36.0,190.0,36.0,190.0,139.0
111.0,137.0,111.0,34.0,189.0,34.0,189.0,137.0
110.0,138.0,110.0,35.0,188.0,35.0,188.0,138.0
109.0,136.0,109.0,33.0,187.0,33.0,187.0,136.0
108.0,135.0,108.0,33.0,186.0,33.0,186.0,135.0
109.0,131.0,109.0,29.0,187.0,29.0,187.0,131.0
113.0,130.0,113.0,28.0,191.0,28.0,191.0,130.0
116.0,130.0,116.0,28.0,194.0,28.0,194.0,130.0
126.0,133.0,126.0,31.0,204.0,31.0,204.0,133.0
130.0,134.0,130.0,32.0,209.0,32.0,209.0,134.0
137.0,134.0,137.0,33.0,216.0,33.0,216.0,134.0
148.0,132.0,148.0,31.0,227.0,31.0,227.0,132.0
149.0,131.0,149.0,30.0,228.0,30.0,228.0,131.0
155.0,128.0,155.0,28.0,234.0,28.0,234.0,128.0
159.0,126.0,159.0,26.0,238.0,26.0,238.0,126.0
160.0,127.0,160.0,27.0,239.0,27.0,239.0,127.0
155.0,121.0,155.0,22.0,234.0,22.0,234.0,121.0
160.0,122.0,160.0,23.0,239.0,23.0,239.0,122.0
158.0,118.0,158.0,19.0,237.0,19.0,237.0,118.0
158.0,115.0,158.0,17.0,237.0,17.0,237.0,115.0
157.0,121.0,157.0,23.0,236.0,23.0,236.0,121.0
162.0,127.0,162.0,29.0,241.0,29.0,241.0,127.0
158.0,134.0,158.0,37.0,237.0,37.0,237.0,134.0
155.0,137.0,155.0,40.0,234.0,40.0,234.0,137.0
153.0,135.0,153.0,38.0,232.0,38.0,232.0,135.0
140.0,134.0,140.0,38.0,219.0,38.0,219.0,134.0
142.0,129.0,142.0,33.0,221.0,33.0,221.0,129.0
139.0,125.0,139.0,29.0,218.0,29.0,218.0,125.0
139.0,121.0,139.0,25.0,219.0,25.0,219.0,121.0
146.0,121.0,146.0,27.0,224.0,27.0,224.0,121.0
150.0,122.0,150.0,29.0,227.0,29.0,227.0,122.0
147.0,123.0,147.0,31.0,223.0,31.0,223.0,123.0
151.0,128.0,151.0,37.0,226.0,37.0,226.0,128.0
151.0,129.0,151.0,40.0,225.0,40.0,225.0,129.0
152.0,128.0,152.0,40.0,225.0,40.0,225.0,128.0
153.0,127.0,153.0,40.0,225.0,40.0,225.0,127.0
156.0,129.0,156.0,43.0,227.0,43.0,227.0,129.0
155.0,129.0,155.0,45.0,225.0,45.0,225.0,129.0
160.0,125.0,160.0,42.0,229.0,42.0,229.0,125.0
160.0,124.0,160.0,42.0,228.0,42.0,228.0,124.0
162.0,122.0,162.0,41.0,229.0,41.0,229.0,122.0
162.0,126.0,162.0,46.0,228.0,46.0,228.0,126.0
165.0,128.0,165.0,49.0,230.0,49.0,230.0,128.0
163.0,131.0,163.0,53.0,227.0,53.0,227.0,131.0
161.0,133.0,161.0,56.0,224.0,56.0,224.0,133.0
155.0,133.0,155.0,57.0,217.0,57.0,217.0,133.0
156.0,131.0,156.0,56.0,217.0,56.0,217.0,131.0
155.0,130.0,155.0,56.0,215.0,56.0,215.0,130.0
154.0,128.0,154.0,55.0,213.0,55.0,213.0,128.0
151.0,126.0,151.0,53.0,209.0,53.0,209.0,126.0
142.0,124.0,142.0,51.0,200.0,51.0,200.0,124.0
145.0,122.0,145.0,48.0,203.0,48.0,203.0,122.0
144.0,117.0,144.0,43.0,201.0,43.0,201.0,117.0
142.0,115.0,142.0,41.0,199.0,41.0,199.0,115.0
138.0,112.0,138.0,37.0,195.0,37.0,195.0,112.0
136.0,117.0,136.0,42.0,192.0,42.0,192.0,117.0
135.0,118.0,135.0,43.0,191.0,43.0,191.0,118.0
134.0,122.0,134.0,46.0,190.0,46.0,190.0,122.0
133.0,126.0,133.0,50.0,188.0,50.0,188.0,126.0
133.0,128.0,133.0,51.0,188.0,51.0,188.0,128.0
132.0,130.0,132.0,53.0,187.0,53.0,187.0,130.0
134.0,129.0,134.0,52.0,188.0,52.0,188.0,129.0
135.0,126.0,135.0,48.0,189.0,48.0,189.0,126.0
141.0,126.0,141.0,48.0,195.0,48.0,195.0,126.0
149.0,128.0,149.0,50.0,202.0,50.0,202.0,128.0
160.0,127.0,160.0,48.0,213.0,48.0,213.0,127.0
160.0,127.0,160.0,48.0,213.0,48.0,213.0,127.0
161.0,128.0,161.0,48.0,214.0,48.0,214.0,128.0
160.0,126.0,160.0,48.0,213.0,48.0,213.0,126.0
160.0,126.0,160.0,49.0,213.0,49.0,213.0,126.0
159.0,125.0,159.0,50.0,212.0,50.0,212.0,125.0
159.0,125.0,159.0,51.0,212.0,51.0,212.0,125.0
158.0,123.0,158.0,51.0,211.0,51.0,211.0,123.0
158.0,123.0,158.0,52.0,211.0,52.0,211.0,123.0
157.0,122.0,157.0,53.0,210.0,53.0,210.0,122.0
157.0,122.0,157.0,54.0,210.0,54.0,210.0,122.0
156.0,120.0,156.0,54.0,209.0,54.0,209.0,120.0
156.0,120.0,156.0,55.0,209.0,55.0,209.0,120.0
155.0,119.0,155.0,56.0,208.0,56.0,208.0,119.0
155.0,119.0,155.0,57.0,208.0,57.0,208.0,119.0
154.0,120.0,154.0,59.0,206.0,59.0,206.0,120.0
160.0,123.0,160.0,63.0,211.0,63.0,211.0,123.0
161.0,123.0,161.0,63.0,211.0,63.0,211.0,123.0
164.0,125.0,164.0,66.0,214.0,66.0,214.0,125.0
165.0,125.0,165.0,67.0,214.0,67.0,214.0,125.0
167.0,126.0,167.0,68.0,215.0,68.0,215.0,126.0
165.0,126.0,165.0,69.0,213.0,69.0,213.0,126.0
168.0,124.0,168.0,67.0,215.0,67.0,215.0,124.0
165.0,124.0,165.0,68.0,211.0,68.0,211.0,124.0
161.0,123.0,161.0,68.0,207.0,68.0,207.0,123.0
157.0,125.0,157.0,70.0,202.0,70.0,202.0,125.0
155.0,122.0,155.0,68.0,199.0,68.0,199.0,122.0
155.0,123.0,155.0,69.0,199.0,69.0,199.0,123.0
148.0,122.0,148.0,68.0,193.0,68.0,193.0,122.0
142.0,123.0,142.0,68.0,188.0,68.0,188.0,123.0
141.0,122.0,141.0,66.0,188.0,66.0,188.0,122.0
137.0,122.0,137.0,65.0,185.0,65.0,185.0,122.0
136.0,122.0,136.0,64.0,185.0,64.0,185.0,122.0
134.0,120.0,134.0,61.0,184.0,61.0,184.0,120.0
136.0,120.0,136.0,60.0,187.0,60.0,187.0,120.0
134.0,120.0,134.0,59.0,186.0,59.0,186.0,120.0
138.0,120.0,138.0,59.0,190.0,59.0,190.0,120.0
136.0,116.0,136.0,54.0,189.0,54.0,189.0,116.0
140.0,118.0,140.0,55.0,193.0,55.0,193.0,118.0
142.0,117.0,142.0,53.0,196.0,53.0,196.0,117.0
142.0,118.0,142.0,53.0,197.0,53.0,197.0,118.0
143.0,120.0,143.0,54.0,198.0,54.0,198.0,120.0
136.0,117.0,136.0,51.0,192.0,51.0,192.0,117.0
137.0,116.0,137.0,49.0,193.0,49.0,193.0,116.0
136.0,116.0,136.0,48.0,193.0,48.0,193.0,116.0
137.0,115.0,137.0,46.0,195.0,46.0,195.0,115.0
137.0,115.0,137.0,45.0,195.0,45.0,195.0,115.0
136.0,116.0,136.0,45.0,195.0,45.0,195.0,116.0
135.0,115.0,135.0,44.0,194.0,44.0,194.0,115.0
139.0,114.0,139.0,42.0,199.0,42.0,199.0,114.0
139.0,113.0,139.0,40.0,200.0,40.0,200.0,113.0
138.0,114.0,138.0,40.0,199.0,40.0,199.0,114.0
132.0,112.0,132.0,37.0,194.0,37.0,194.0,112.0
128.0,110.0,128.0,34.0,191.0,34.0,191.0,110.0
127.0,112.0,127.0,35.0,190.0,35.0,190.0,112.0
124.0,112.0,124.0,34.0,188.0,34.0,188.0,112.0
123.0,113.0,123.0,33.0,187.0,33.0,187.0,113.0
118.0,112.0,118.0,31.0,183.0,31.0,183.0,112.0
122.0,113.0,122.0,31.0,188.0,31.0,188.0,113.0
123.0,114.0,123.0,30.0,189.0,30.0,189.0,114.0
128.0,111.0,128.0,26.0,195.0,26.0,195.0,111.0
132.0,109.0,132.0,23.0,199.0,23.0,199.0,109.0
133.0,112.0,133.0,24.0,201.0,24.0,201.0,112.0
135.0,111.0,135.0,22.0,204.0,22.0,204.0,111.0
143.0,112.0,143.0,22.0,212.0,22.0,212.0,112.0
145.0,112.0,145.0,20.0,215.0,20.0,215.0,112.0
150.0,118.0,150.0,25.0,220.0,25.0,220.0,118.0
152.0,115.0,152.0,21.0,223.0,21.0,223.0,115.0
153.0,115.0,153.0,19.0,225.0,19.0,225.0,115.0
151.0,113.0,151.0,18.0,223.0,18.0,223.0,113.0
154.0,109.0,154.0,14.0,226.0,14.0,226.0,109.0
159.0,109.0,159.0,15.0,231.0,15.0,231.0,109.0
157.0,115.0,157.0,21.0,229.0,21.0,229.0,115.0
152.0,120.0,152.0,26.0,224.0,26.0,224.0,120.0
151.0,125.0,151.0,32.0,223.0,32.0,223.0,125.0
143.0,126.0,143.0,33.0,215.0,33.0,215.0,126.0
137.0,126.0,137.0,33.0,209.0,33.0,209.0,126.0
131.0,127.0,131.0,35.0,203.0,35.0,203.0,127.0
125.0,122.0,125.0,30.0,197.0,30.0,197.0,122.0
125.0,123.0,125.0,31.0,197.0,31.0,197.0,123.0
116.0,120.0,116.0,29.0,188.0,29.0,188.0,120.0
118.0,119.0,118.0,28.0,190.0,28.0,190.0,119.0
120.0,122.0,120.0,31.0,192.0,31.0,192.0,122.0
121.0,121.0,121.0,31.0,193.0,31.0,193.0,121.0
126.0,122.0,126.0,32.0,198.0,32.0,198.0,122.0
130.0,127.0,130.0,37.0,202.0,37.0,202.0,127.0
133.0,127.0,133.0,38.0,205.0,38.0,205.0,127.0
140.0,133.0,140.0,44.0,212.0,44.0,212.0,133.0
140.0,135.0,140.0,46.0,213.0,46.0,213.0,135.0
143.0,132.0,143.0,43.0,216.0,43.0,216.0,132.0
145.0,132.0,145.0,43.0,219.0,43.0,219.0,132.0
148.0,131.0,148.0,41.0,222.0,41.0,222.0,131.0
146.0,125.0,146.0,35.0,221.0,35.0,221.0,125.0
150.0,124.0,150.0,34.0,225.0,34.0,225.0,124.0
149.0,126.0,149.0,35.0,225.0,35.0,225.0,126.0
147.0,127.0,147.0,36.0,223.0,36.0,223.0,127.0
147.0,125.0,147.0,34.0,224.0,34.0,224.0,125.0
148.0,124.0,148.0,32.0,225.0,32.0,225.0,124.0
140.0,123.0,140.0,31.0,218.0,31.0,218.0,123.0
137.0,121.0,137.0,28.0,215.0,28.0,215.0,121.0
134.0,119.0,134.0,26.0,213.0,26.0,213.0,119.0
134.0,112.0,134.0,19.0,213.0,19.0,213.0,112.0
129.0,100.0,129.0,6.0,209.0,6.0,209.0,100.0
125.0,105.0,125.0,11.0,205.0,11.0,205.0,105.0
121.0,118.0,121.0,24.0,202.0,24.0,202.0,118.0
119.0,117.0,119.0,22.0,200.0,22.0,200.0,117.0
118.0,116.0,118.0,21.0,200.0,21.0,200.0,116.0
117.0,115.0,117.0,20.0,199.0,20.0,199.0,115.0
116.0,114.0,116.0,18.0,199.0,18.0,199.0,114.0
115.0,113.0,115.0,17.0,198.0,17.0,198.0,113.0
114.0,113.0,114.0,16.0,198.0,16.0,198.0,113.0
115.0,115.0,115.0,18.0,198.0,18.0,198.0,115.0
116.0,114.0,116.0,17.0,199.0,17.0,199.0,114.0
117.0,119.0,117.0,21.0,200.0,21.0,200.0,119.0
118.0,120.0,118.0,22.0,201.0,22.0,201.0,120.0
120.0,126.0,120.0,28.0,203.0,28.0,203.0,126.0
120.0,130.0,120.0,31.0,202.0,31.0,202.0,130.0
122.0,128.0,122.0,29.0,204.0,29.0,204.0,128.0
123.0,132.0,123.0,32.0,205.0,32.0,205.0,132.0
123.0,132.0,123.0,32.0,205.0,32.0,205.0,132.0
125.0,129.0,125.0,29.0,207.0,29.0,207.0,129.0
130.0,122.0,130.0,21.0,211.0,21.0,211.0,122.0
131.0,123.0,131.0,22.0,212.0,22.0,212.0,123.0
128.0,125.0,128.0,24.0,209.0,24.0,209.0,125.0
129.0,127.0,129.0,25.0,210.0,25.0,210.0,127.0
130.0,128.0,130.0,26.0,211.0,26.0,211.0,128.0
132.0,130.0,132.0,27.0,213.0,27.0,213.0,130.0
131.0,128.0,131.0,27.0,211.0,27.0,211.0,128.0
131.0,128.0,131.0,28.0,210.0,28.0,210.0,128.0
130.0,128.0,130.0,29.0,208.0,29.0,208.0,128.0
130.0,128.0,130.0,30.0,207.0,30.0,207.0,128.0
129.0,128.0,129.0,31.0,205.0,31.0,205.0,128.0
129.0,128.0,129.0,32.0,204.0,32.0,204.0,128.0
128.0,128.0,128.0,33.0,202.0,33.0,202.0,128.0
128.0,128.0,128.0,34.0,201.0,34.0,201.0,128.0
123.0,128.0,123.0,35.0,195.0,35.0,195.0,128.0
119.0,130.0,119.0,37.0,191.0,37.0,191.0,130.0
115.0,130.0,115.0,37.0,187.0,37.0,187.0,130.0
108.0,125.0,108.0,33.0,179.0,33.0,179.0,125.0
103.0,125.0,103.0,33.0,174.0,33.0,174.0,125.0
100.0,124.0,100.0,32.0,171.0,32.0,171.0,124.0
104.0,123.0,104.0,32.0,174.0,32.0,174.0,123.0
105.0,123.0,105.0,32.0,175.0,32.0,175.0,123.0
107.0,117.0,107.0,26.0,177.0,26.0,177.0,117.0
111.0,112.0,111.0,22.0,180.0,22.0,180.0,112.0
116.0,119.0,116.0,29.0,185.0,29.0,185.0,119.0
125.0,122.0,125.0,32.0,194.0,32.0,194.0,122.0
124.0,127.0,124.0,38.0,192.0,38.0,192.0,127.0
136.0,128.0,136.0,39.0,204.0,39.0,204.0,128.0
140.0,126.0,140.0,37.0,208.0,37.0,208.0,126.0
144.0,123.0,144.0,34.0,212.0,34.0,212.0,123.0
144.0,119.0,144.0,30.0,212.0,30.0,212.0,119.0
149.0,116.0,149.0,26.0,217.0,26.0,217.0,116.0
152.0,113.0,152.0,23.0,221.0,23.0,221.0,113.0
153.0,116.0,153.0,25.0,222.0,25.0,222.0,116.0
152.0,115.0,152.0,24.0,221.0,24.0,221.0,115.0
153.0,114.0,153.0,22.0,223.0,22.0,223.0,114.0
151.0,113.0,151.0,22.0,221.0,22.0,221.0,113.0
149.0,114.0,149.0,23.0,219.0,23.0,219.0,114.0
147.0,115.0,147.0,24.0,218.0,24.0,218.0,115.0
145.0,115.0,145.0,25.0,216.0,25.0,216.0,115.0
144.0,116.0,144.0,26.0,215.0,26.0,215.0,116.0
142.0,117.0,142.0,27.0,214.0,27.0,214.0,117.0
140.0,117.0,140.0,28.0,212.0,28.0,212.0,117.0
138.0,118.0,138.0,29.0,210.0,29.0,210.0,118.0
138.37,118.83,138.37,29.83,210.01,29.83,210.01,118.83
138.75,119.65,138.75,30.65,210.02,30.65,210.02,119.65
139.12,120.48,139.12,31.48,210.03,31.48,210.03,120.48
139.49,121.31,139.49,32.31,210.04,32.31,210.04,121.31
139.86,122.14,139.86,33.14,210.05,33.14,210.05,122.14
140.24,122.96,140.24,33.96,210.05,33.96,210.05,122.96
140.61,123.79,140.61,34.79,210.06,34.79,210.06,123.79
140.98,124.62,140.98,35.62,210.07,35.62,210.07,124.62
141.35,125.45,141.35,36.45,210.08,36.45,210.08,125.45
141.73,126.27,141.73,37.27,210.09,37.27,210.09,126.27
141.0,137.0,141.0,48.0,209.0,48.0,209.0,137.0
141.0,139.0,141.0,50.0,208.0,50.0,208.0,139.0
142.0,141.0,142.0,52.0,209.0,52.0,209.0,141.0
141.0,144.0,141.0,55.0,208.0,55.0,208.0,144.0
140.0,146.0,140.0,57.0,207.0,57.0,207.0,146.0
136.0,143.0,136.0,53.0,203.0,53.0,203.0,143.0
136.0,142.0,136.0,52.0,203.0,52.0,203.0,142.0
137.0,140.0,137.0,50.0,204.0,50.0,204.0,140.0
133.0,139.0,133.0,48.0,201.0,48.0,201.0,139.0
137.0,136.0,137.0,45.0,205.0,45.0,205.0,136.0
146.0,138.0,146.0,47.0,214.0,47.0,214.0,138.0
146.0,138.0,146.0,46.0,214.0,46.0,214.0,138.0
147.0,138.0,147.0,46.0,215.0,46.0,215.0,138.0
147.0,137.0,147.0,45.0,215.0,45.0,215.0,137.0
150.0,138.0,150.0,45.0,219.0,45.0,219.0,138.0
153.0,135.0,153.0,43.0,222.0,43.0,222.0,135.0
151.0,133.0,151.0,41.0,220.0,41.0,220.0,133.0
155.0,131.0,155.0,40.0,224.0,40.0,224.0,131.0
156.0,130.0,156.0,39.0,225.0,39.0,225.0,130.0
150.0,128.0,150.0,37.0,219.0,37.0,219.0,128.0
146.0,125.0,146.0,35.0,215.0,35.0,215.0,125.0
143.0,127.0,143.0,37.0,212.0,37.0,212.0,127.0
137.0,128.0,137.0,39.0,206.0,39.0,206.0,128.0
131.0,132.0,131.0,43.0,200.0,43.0,200.0,132.0
128.0,133.0,128.0,44.0,197.0,44.0,197.0,133.0
121.0,133.0,121.0,45.0,190.0,45.0,190.0,133.0
117.0,132.0,117.0,44.0,186.0,44.0,186.0,132.0
113.0,132.0,113.0,45.0,182.0,45.0,182.0,132.0
110.0,129.0,110.0,42.0,179.0,42.0,179.0,129.0
107.0,129.0,107.0,42.0,176.0,42.0,176.0,129.0
109.0,125.0,109.0,39.0,178.0,39.0,178.0,125.0
110.0,125.0,110.0,39.0,179.0,39.0,179.0,125.0
113.0,126.0,113.0,40.0,183.0,40.0,183.0,126.0
119.0,131.0,119.0,45.0,188.0,45.0,188.0,131.0
124.0,135.0,124.0,49.0,193.0,49.0,193.0,135.0
129.0,139.0,129.0,53.0,197.0,53.0,197.0,139.0
138.0,144.0,138.0,58.0,206.0,58.0,206.0,144.0
139.0,140.0,139.0,54.0,206.0,54.0,206.0,140.0
141.0,140.0,141.0,54.0,208.0,54.0,208.0,140.0
147.0,138.0,147.0,52.0,213.0,52.0,213.0,138.0
155.0,135.0,155.0,49.0,221.0,49.0,221.0,135.0
157.0,139.0,157.0,53.0,222.0,53.0,222.0,139.0
160.0,142.0,160.0,56.0,225.0,56.0,225.0,142.0
168.0,146.0,168.0,60.0,232.0,60.0,232.0,146.0
165.0,144.0,165.0,58.0,229.0,58.0,229.0,144.0
163.0,145.0,163.0,59.0,226.0,59.0,226.0,145.0
160.0,146.0,160.0,60.0,223.0,60.0,223.0,146.0
154.0,142.0,154.0,56.0,216.0,56.0,216.0,142.0
155.0,142.0,155.0,56.0,217.0,56.0,217.0,142.0
154.0,142.0,154.0,56.0,215.0,56.0,215.0,142.0
147.0,144.0,147.0,58.0,208.0,58.0,208.0,144.0
147.0,144.0,147.0,58.0,208.0,58.0,208.0,144.0
147.0,144.0,147.0,58.0,209.0,58.0,209.0,144.0
143.0,143.0,143.0,57.0,206.0,57.0,206.0,143.0
140.0,139.0,140.0,53.0,203.0,53.0,203.0,139.0
135.0,140.0,135.0,54.0,199.0,54.0,199.0,140.0
131.0,138.0,131.0,52.0,196.0,52.0,196.0,138.0
132.0,140.0,132.0,54.0,197.0,54.0,197.0,140.0
131.0,139.0,131.0,53.0,197.0,53.0,197.0,139.0
131.0,141.0,131.0,54.0,198.0,54.0,198.0,141.0
136.0,138.0,136.0,51.0,204.0,51.0,204.0,138.0
137.0,137.0,137.0,50.0,205.0,50.0,205.0,137.0
133.0,135.0,133.0,48.0,202.0,48.0,202.0,135.0
141.0,134.0,141.0,47.0,211.0,47.0,211.0,134.0
143.0,139.0,143.0,52.0,213.0,52.0,213.0,139.0
149.0,140.0,149.0,53.0,220.0,53.0,220.0,140.0
153.0,145.0,153.0,58.0,225.0,58.0,225.0,145.0
154.0,147.0,154.0,59.0,227.0,59.0,227.0,147.0
155.0,145.0,155.0,57.0,227.0,57.0,227.0,145.0
156.0,143.0,156.0,55.0,228.0,55.0,228.0,143.0
158.0,141.0,158.0,53.0,229.0,53.0,229.0,141.0
159.0,140.0,159.0,52.0,230.0,52.0,230.0,140.0
161.0,138.0,161.0,50.0,231.0,50.0,231.0,138.0
162.0,136.0,162.0,48.0,232.0,48.0,232.0,136.0
163.0,135.0,163.0,47.0,232.0,47.0,232.0,135.0
165.0,133.0,165.0,45.0,234.0,45.0,234.0,133.0
166.0,131.0,166.0,43.0,234.0,43.0,234.0,131.0
168.0,131.0,168.0,42.0,236.0,42.0,236.0,131.0
168.0,131.0,168.0,42.0,236.0,42.0,236.0,131.0
168.0,132.0,168.0,42.0,236.0,42.0,236.0,132.0
168.0,133.0,168.0,42.0,236.0,42.0,236.0,133.0
168.0,135.0,168.0,43.0,236.0,43.0,236.0,135.0
168.0,136.0,168.0,43.0,236.0,43.0,236.0,136.0
168.0,137.0,168.0,43.0,236.0,43.0,236.0,137.0
168.0,138.0,168.0,43.0,236.0,43.0,236.0,138.0
169.0,140.0,169.0,44.0,238.0,44.0,238.0,140.0
167.0,138.0,167.0,43.0,236.0,43.0,236.0,138.0
160.0,137.0,160.0,42.0,229.0,42.0,229.0,137.0
160.0,134.0,160.0,40.0,229.0,40.0,229.0,134.0
162.0,140.0,162.0,46.0,231.0,46.0,231.0,140.0
160.0,138.0,160.0,45.0,229.0,45.0,229.0,138.0
159.0,138.0,159.0,45.0,228.0,45.0,228.0,138.0
157.0,137.0,157.0,45.0,226.0,45.0,226.0,137.0
154.0,134.0,154.0,42.0,223.0,42.0,223.0,134.0
154.0,129.0,154.0,38.0,223.0,38.0,223.0,129.0
152.0,128.0,152.0,37.0,221.0,37.0,221.0,128.0
151.0,128.0,151.0,37.0,220.0,37.0,220.0,128.0
152.0,128.0,152.0,37.0,220.0,37.0,220.0,128.0
154.0,128.0,154.0,37.0,221.0,37.0,221.0,128.0
158.0,129.0,158.0,38.0,225.0,38.0,225.0,129.0
161.0,130.0,161.0,39.0,227.0,39.0,227.0,130.0
165.0,135.0,165.0,44.0,231.0,44.0,231.0,135.0
169.0,135.0,169.0,44.0,234.0,44.0,234.0,135.0
173.0,134.0,173.0,43.0,237.0,43.0,237.0,134.0
175.0,135.0,175.0,44.0,239.0,44.0,239.0,135.0
169.0,134.0,169.0,43.0,232.0,43.0,232.0,134.0
173.0,135.0,173.0,44.0,236.0,44.0,236.0,135.0
169.0,133.0,169.0,42.0,231.0,42.0,231.0,133.0
169.0,131.0,169.0,40.0,231.0,40.0,231.0,131.0
165.0,131.0,165.0,40.0,227.0,40.0,227.0,131.0
164.0,135.0,164.0,44.0,226.0,44.0,226.0,135.0
163.0,140.0,163.0,49.0,226.0,49.0,226.0,140.0
160.0,142.0,160.0,51.0,223.0,51.0,223.0,142.0
157.0,141.0,157.0,50.0,221.0,50.0,221.0,141.0
154.0,139.0,154.0,48.0,218.0,48.0,218.0,139.0
146.0,139.0,146.0,48.0,211.0,48.0,211.0,139.0
144.0,135.0,144.0,44.0,209.0,44.0,209.0,135.0
140.0,132.0,140.0,41.0,206.0,41.0,206.0,132.0
137.0,132.0,137.0,41.0,203.0,41.0,203.0,132.0
134.0,132.0,134.0,41.0,201.0,41.0,201.0,132.0
131.0,132.0,131.0,41.0,198.0,41.0,198.0,132.0
128.0,133.0,128.0,42.0,196.0,42.0,196.0,133.0
131.0,132.0,131.0,43.0,198.0,43.0,198.0,132.0
135.0,132.0,135.0,44.0,201.0,44.0,201.0,132.0
139.0,132.0,139.0,45.0,204.0,45.0,204.0,132.0
143.0,132.0,143.0,46.0,208.0,46.0,208.0,132.0
146.0,131.0,146.0,47.0,210.0,47.0,210.0,131.0
150.0,131.0,150.0,48.0,213.0,48.0,213.0,131.0
154.0,131.0,154.0,49.0,216.0,49.0,216.0,131.0
158.0,130.0,158.0,49.0,220.0,49.0,220.0,130.0
163.0,130.0,163.0,50.0,225.0,50.0,225.0,130.0
167.0,132.0,167.0,52.0,229.0,52.0,229.0,132.0
167.0,132.0,167.0,52.0,229.0,52.0,229.0,132.0
165.0,135.0,165.0,55.0,227.0,55.0,227.0,135.0
166.0,136.0,166.0,57.0,228.0,57.0,228.0,136.0
163.0,136.0,163.0,57.0,225.0,57.0,225.0,136.0
161.0,142.0,161.0,63.0,223.0,63.0,223.0,142.0
161.0,144.0,161.0,65.0,223.0,65.0,223.0,144.0
159.0,139.0,159.0,61.0,221.0,61.0,221.0,139.0
153.0,136.0,153.0,58.0,215.0,58.0,215.0,136.0
148.0,135.0,148.0,57.0,210.0,57.0,210.0,135.0
148.0,136.0,148.0,58.0,210.0,58.0,210.0,136.0
145.0,135.0,145.0,57.0,207.0,57.0,207.0,135.0
143.0,136.0,143.0,57.0,205.0,57.0,205.0,136.0
140.0,136.0,140.0,56.0,203.0,56.0,203.0,136.0
138.0,137.0,138.0,56.0,201.0,56.0,201.0,137.0
135.0,136.0,135.0,55.0,198.0,55.0,198.0,136.0
133.0,137.0,133.0,55.0,197.0,55.0,197.0,137.0
130.0,137.0,130.0,54.0,194.0,54.0,194.0,137.0
128.0,138.0,128.0,54.0,192.0,54.0,192.0,138.0
125.0,137.0,125.0,53.0,190.0,53.0,190.0,137.0
123.0,138.0,123.0,53.0,188.0,53.0,188.0,138.0
120.0,138.0,120.0,52.0,185.0,52.0,185.0,138.0
118.0,139.0,118.0,52.0,184.0,52.0,184.0,139.0
