225.0,137.0,225.0,92.0,268.0,92.0,268.0,137.0
226.0,137.0,226.0,92.0,268.0,92.0,268.0,137.0
225.0,137.0,225.0,92.0,267.0,92.0,267.0,137.0
226.0,138.0,226.0,93.0,267.0,93.0,267.0,138.0
226.0,137.0,226.0,91.0,267.0,91.0,267.0,137.0
226.0,138.0,226.0,92.0,266.0,92.0,266.0,138.0
221.0,138.0,221.0,92.0,261.0,92.0,261.0,138.0
221.0,138.0,221.0,92.0,260.0,92.0,260.0,138.0
219.0,139.0,219.0,92.0,258.0,92.0,258.0,139.0
218.0,139.0,218.0,92.0,256.0,92.0,256.0,139.0
217.0,139.0,217.0,92.0,255.0,92.0,255.0,139.0
217.0,140.0,217.0,92.0,255.0,92.0,255.0,140.0
214.0,141.0,214.0,93.0,252.0,93.0,252.0,141.0
211.0,142.0,211.0,93.0,250.0,93.0,250.0,142.0
206.0,141.0,206.0,92.0,246.0,92.0,246.0,141.0
204.0,140.0,204.0,90.0,245.0,90.0,245.0,140.0
200.0,141.0,200.0,91.0,242.0,91.0,242.0,141.0
198.0,141.0,198.0,90.0,241.0,90.0,241.0,141.0
191.0,140.0,191.0,89.0,234.0,89.0,234.0,140.0
188.0,137.0,188.0,85.0,232.0,85.0,232.0,137.0
183.0,138.0,183.0,86.0,228.0,86.0,228.0,138.0
175.0,137.0,175.0,84.0,221.0,84.0,221.0,137.0
170.0,137.0,170.0,84.0,217.0,84.0,217.0,137.0
165.61,139.8,162.09,85.83,208.54,82.8,212.06,136.78
161.38,142.45,154.22,87.74,199.93,81.76,207.08,136.47
157.3,144.94,146.39,89.73,191.16,80.88,202.07,136.09
149.64,150.07,134.89,94.64,178.55,83.02,193.31,138.45
142.11,155.02,123.43,99.63,165.82,85.34,184.49,140.73
134.69,159.78,112.03,104.7,152.97,87.86,175.63,142.94
125.22,162.72,98.55,108.26,137.91,88.99,164.57,143.45
115.83,165.45,85.14,111.89,122.76,90.33,153.46,143.89
106.51,167.96,71.79,115.6,107.56,91.89,142.27,144.25
97.23,170.25,58.52,119.39,92.31,93.68,131.01,144.54
87.97,172.31,45.33,123.25,77.03,95.69,119.67,144.75
84.31,174.29,38.45,129.29,67.02,100.17,112.88,145.17
80.48,176.01,31.78,135.26,57.18,104.91,105.88,145.66
80.68,177.46,31.49,138.5,55.31,108.42,104.51,147.38
80.84,178.88,31.21,141.71,53.49,111.96,103.12,149.13
80.94,180.27,30.95,144.88,51.72,115.53,101.72,150.92
81.0,181.63,30.7,148.02,50.0,119.13,100.3,152.74
84.44,186.87,33.54,156.44,51.26,126.81,102.16,157.24
87.8,192.08,36.5,164.8,52.6,134.52,103.9,161.8
91.07,197.27,39.56,173.11,54.03,142.25,105.54,166.41
94.27,202.43,42.72,181.34,55.53,150.01,107.08,171.1
105.99,201.38,54.24,184.28,65.68,149.66,117.43,166.76
117.76,200.34,66.11,187.15,75.78,149.3,127.43,162.49
131.57,196.3,80.32,186.92,87.83,145.93,139.08,155.31
145.44,192.26,94.86,186.57,99.82,142.56,150.4,148.25
145.47,188.95,97.05,170.19,113.4,127.97,161.83,146.73
144.11,183.79,101.22,152.71,128.38,115.23,171.27,146.31
141.86,176.42,107.66,134.65,144.24,104.7,178.44,146.47
139.33,166.66,116.47,116.62,160.39,96.56,183.25,146.6
142.97,161.01,123.35,110.65,167.86,93.31,187.49,143.67
146.71,155.26,130.28,104.79,175.24,90.16,191.67,140.63
150.56,149.42,137.27,99.03,182.51,87.1,195.79,137.49
154.52,143.48,144.31,93.37,189.66,84.14,199.87,134.25
161.98,141.88,152.61,87.51,197.84,79.71,207.21,134.08
169.35,140.27,161.06,81.65,206.11,75.28,214.4,133.9
176.61,138.67,169.65,75.82,214.49,70.85,221.45,133.7
180.25,134.85,173.6,72.41,218.07,67.67,224.72,130.12
183.89,131.04,177.55,68.99,221.66,64.49,227.99,126.53
187.53,127.23,181.5,65.59,225.24,61.31,231.27,122.95
191.18,123.41,185.45,62.18,228.82,58.12,234.55,119.36
194.82,119.6,189.4,58.77,232.4,54.94,237.82,115.77
202.42,118.8,199.53,58.43,240.26,56.48,243.16,116.85
210.08,118.04,209.67,58.24,248.06,57.97,248.47,117.78
217.8,117.33,219.83,58.19,255.81,59.42,253.78,118.56
225.58,116.67,229.98,58.29,263.5,60.82,259.09,119.19
233.4,116.06,240.13,58.54,271.14,62.16,264.41,119.68
232.71,115.37,241.77,58.36,274.69,63.58,265.63,120.6
232.08,114.56,243.43,58.14,278.18,65.13,266.83,121.55
231.51,113.62,245.12,57.89,281.61,66.81,268.0,122.53
231.01,112.56,246.85,57.61,284.97,68.6,269.13,123.55
231.48,116.07,244.57,60.86,281.82,69.69,268.73,124.91
232.0,119.47,242.36,64.11,278.62,70.9,268.26,126.25
232.57,122.74,240.21,67.38,275.37,72.23,267.73,127.59
233.17,125.88,238.12,70.65,272.09,73.69,267.14,128.93
233.8,128.9,236.09,73.92,268.78,75.28,266.49,130.26
235.55,131.77,237.49,77.21,270.52,78.39,268.58,132.94
237.3,134.64,238.9,80.5,272.26,81.49,270.65,135.63
239.04,137.51,240.32,83.8,274.0,84.6,272.73,138.31
240.78,140.38,241.73,87.09,275.75,87.7,274.8,140.98
242.52,143.25,243.15,90.39,277.5,90.8,276.87,143.66
244.26,146.13,244.57,93.69,279.25,93.9,278.94,146.33
246.0,149.0,246.0,97.0,281.0,97.0,281.0,149.0
247.0,152.0,247.0,100.0,283.0,100.0,283.0,152.0
247.0,161.0,247.0,108.0,284.0,108.0,284.0,161.0
252.0,170.0,252.0,116.0,289.0,116.0,289.0,170.0
257.0,175.0,257.0,122.0,292.0,122.0,292.0,175.0
259.0,182.0,259.0,130.0,295.0,130.0,295.0,182.0
259.0,186.0,259.0,133.0,295.0,133.0,295.0,186.0
256.0,192.0,256.0,140.0,291.0,140.0,291.0,192.0
251.0,199.0,251.0,142.0,289.0,142.0,289.0,199.0
244.0,194.0,244.0,138.0,290.0,138.0,290.0,194.0
239.0,188.0,239.0,134.0,289.0,134.0,289.0,188.0
235.0,183.0,235.0,127.0,287.0,127.0,287.0,183.0
230.0,177.0,230.0,118.0,284.0,118.0,284.0,177.0
222.0,175.0,222.0,113.0,279.0,113.0,279.0,175.0
219.0,169.0,219.0,108.0,270.0,108.0,270.0,169.0
214.0,168.0,214.0,100.0,263.0,100.0,263.0,168.0
210.0,162.0,210.0,98.0,258.0,98.0,258.0,162.0
202.0,164.0,202.0,96.0,252.0,96.0,252.0,164.0
193.0,164.0,193.0,92.0,243.0,92.0,243.0,164.0
184.0,169.0,184.0,94.0,233.0,94.0,233.0,169.0
174.0,170.0,174.0,94.0,223.0,94.0,223.0,170.0
171.0,171.0,171.0,99.0,211.0,99.0,211.0,171.0
163.0,175.0,163.0,102.0,203.0,102.0,203.0,175.0
158.0,179.0,158.0,105.0,194.0,105.0,194.0,179.0
142.0,179.0,142.0,106.0,184.0,106.0,184.0,179.0
129.0,177.0,129.0,104.0,177.0,104.0,177.0,177.0
133.83,176.2,119.04,112.14,161.67,102.3,176.46,166.36
137.57,172.95,111.93,120.37,147.43,103.05,173.07,155.63
136.98,165.49,111.44,115.37,145.52,98.01,171.06,148.13
136.34,158.02,110.99,110.35,143.66,92.98,169.01,140.65
135.9,149.05,112.38,100.84,144.68,85.09,168.19,133.3
135.49,140.07,113.81,91.39,145.66,77.21,167.33,125.89
135.11,131.08,115.28,82.0,146.61,69.34,166.44,118.42
136.51,127.33,118.53,77.93,149.28,66.74,167.26,116.14
137.95,123.57,121.81,73.91,151.91,64.14,168.05,113.8
139.42,119.82,125.12,69.97,154.51,61.54,168.81,111.39
140.92,116.05,128.46,66.08,157.08,58.95,169.54,108.92
142.03,115.5,131.34,65.2,160.82,58.93,171.52,109.23
143.16,114.89,134.24,64.31,164.56,58.97,173.48,109.54
144.29,114.22,137.16,63.44,168.28,59.06,175.42,109.85
145.44,113.5,140.09,62.57,171.99,59.21,177.34,110.15
146.61,112.72,143.04,61.7,175.68,59.42,179.24,110.44
147.79,111.89,146.01,60.85,179.35,59.68,181.13,110.72
149.0,111.0,149.0,60.0,183.0,60.0,183.0,111.0
151.0,110.0,151.0,60.0,185.0,60.0,185.0,110.0
154.0,110.0,154.0,60.0,189.0,60.0,189.0,110.0
156.0,110.0,156.0,60.0,191.0,60.0,191.0,110.0
159.0,111.0,159.0,61.0,194.0,61.0,194.0,111.0
161.0,110.0,161.0,61.0,197.0,61.0,197.0,110.0
164.0,110.0,164.0,61.0,200.0,61.0,200.0,110.0
166.0,110.0,166.0,61.0,202.0,61.0,202.0,110.0
169.0,111.0,169.0,62.0,206.0,62.0,206.0,111.0
173.0,112.0,173.0,60.0,209.0,60.0,209.0,112.0
175.0,110.0,175.0,60.0,211.0,60.0,211.0,110.0
177.0,109.0,177.0,58.0,213.0,58.0,213.0,109.0
174.0,109.0,174.0,54.0,215.0,54.0,215.0,109.0
177.0,109.0,177.0,48.0,219.0,48.0,219.0,109.0
175.0,111.0,175.0,48.0,221.0,48.0,221.0,111.0
179.0,106.0,179.0,50.0,226.0,50.0,226.0,106.0
181.0,111.0,181.0,51.0,224.0,51.0,224.0,111.0
181.0,112.0,181.0,53.0,224.0,53.0,224.0,112.0
181.0,114.0,181.0,55.0,223.0,55.0,223.0,114.0
179.0,119.0,179.0,61.0,222.0,61.0,222.0,119.0
177.0,123.0,177.0,68.0,220.0,68.0,220.0,123.0
177.0,131.0,177.0,72.0,220.0,72.0,220.0,131.0
175.0,133.0,175.0,76.0,217.0,76.0,217.0,133.0
166.0,144.0,166.0,82.0,212.0,82.0,212.0,144.0
159.97,153.84,154.7,93.57,199.33,89.66,204.6,149.93
153.95,163.34,143.71,105.23,186.65,97.66,196.89,155.77
147.91,172.51,133.03,116.97,173.99,105.99,188.87,161.53
141.82,181.36,122.67,128.73,161.38,114.64,180.53,167.27
135.64,189.9,112.61,140.51,148.86,123.6,171.89,172.99
133.35,192.95,106.85,147.05,140.45,127.65,166.95,173.55
130.92,195.73,101.38,153.54,132.18,131.97,161.72,174.16
128.33,198.25,96.19,159.95,124.07,136.55,156.21,174.85
125.55,200.54,91.26,166.25,116.15,141.36,150.44,175.65
122.57,202.63,86.57,172.42,108.43,146.37,144.43,176.58
118.35,204.22,82.37,174.21,103.4,149.0,139.38,179.01
114.11,205.81,78.17,176.0,98.38,151.62,134.33,181.43
109.88,207.39,73.96,177.78,93.36,154.25,129.28,183.86
107.61,209.7,69.75,179.68,88.96,155.45,126.82,185.48
105.36,211.98,65.54,181.6,84.54,156.69,124.37,187.06
103.14,214.22,61.33,183.56,80.1,157.96,121.91,188.62
100.69,213.82,56.86,182.94,75.39,156.64,119.22,187.52
98.26,213.39,52.39,182.35,70.65,155.36,116.52,186.4
95.85,212.92,47.92,181.79,65.89,154.12,113.82,185.24
93.46,212.41,43.45,181.27,61.12,152.91,111.13,184.05
91.09,211.88,38.99,180.78,56.32,151.73,108.43,182.83
88.74,211.3,34.52,180.32,51.51,150.59,105.73,181.57
86.4,210.7,30.06,179.89,46.68,149.48,103.03,180.28
84.08,210.05,25.6,179.5,41.84,148.41,100.32,178.96
84.02,204.88,23.38,174.65,39.22,142.88,99.86,173.11
83.21,200.97,26.29,168.37,44.58,136.44,101.5,169.04
82.35,196.81,29.19,162.16,50.0,130.24,103.15,164.89
81.43,192.4,32.09,156.02,55.47,124.31,104.81,160.68
80.48,187.72,34.97,149.94,60.97,118.63,106.48,156.41
79.52,182.8,37.83,143.92,66.48,113.2,108.17,152.08
79.79,179.61,39.6,137.79,71.11,107.51,111.3,149.33
79.93,176.29,41.45,131.57,75.87,101.96,114.35,146.68
79.97,172.82,43.39,125.26,80.73,96.55,117.31,144.1
79.91,169.2,45.43,118.88,85.69,91.29,120.17,141.61
79.76,165.41,47.58,112.42,90.74,86.2,122.92,139.19
79.54,161.45,49.83,105.9,95.86,81.28,125.57,136.84
79.24,157.32,52.2,99.31,101.06,76.54,128.1,134.55
78.89,153.0,54.7,92.67,106.31,71.98,130.5,132.31
78.49,148.49,57.33,85.98,111.61,67.61,132.77,130.12
81.51,146.82,60.59,83.87,115.08,65.77,136.0,128.71
84.52,145.15,63.85,81.77,118.55,63.92,139.22,127.3
87.53,143.47,67.11,79.66,122.02,62.09,142.44,125.9
90.55,141.79,70.38,77.55,125.49,60.25,145.66,124.49
92.31,143.86,72.39,79.19,127.71,62.16,147.63,126.83
96.52,146.12,74.44,83.7,127.25,65.02,149.33,127.44
100.66,148.26,76.57,88.15,126.85,68.0,150.94,128.11
104.75,150.27,78.8,92.55,126.51,71.11,152.45,128.83
108.76,152.18,81.12,96.87,126.24,74.32,153.88,129.63
113.71,154.48,84.52,101.64,127.04,78.14,156.23,130.99
118.58,156.68,87.99,106.33,127.92,82.07,158.51,132.42
123.37,158.78,91.54,110.95,128.88,86.09,160.71,133.93
128.06,160.79,95.15,115.48,129.94,90.21,162.85,135.52
131.75,163.49,99.16,118.63,134.08,93.26,166.68,138.12
135.44,166.2,103.16,121.77,138.22,96.3,170.5,140.73
139.13,168.9,107.17,124.91,142.36,99.35,174.33,143.34
142.82,171.61,111.18,128.06,146.51,102.39,178.15,145.94
146.51,174.31,115.19,131.2,150.65,105.44,181.97,148.55
150.2,177.02,119.2,134.34,154.79,108.48,185.8,151.16
153.89,179.72,123.2,137.48,158.93,111.53,189.62,153.77
157.58,182.43,127.21,140.63,163.08,114.57,193.45,156.37
160.98,180.95,133.22,136.54,171.16,112.83,198.92,157.24
164.34,179.31,139.42,132.44,179.28,111.25,204.2,158.11
167.68,177.5,145.81,128.37,187.42,109.84,209.3,158.97
171.02,175.51,152.38,124.32,195.57,108.6,214.21,159.79
174.35,173.36,159.14,120.31,203.72,107.53,218.93,160.58
177.71,171.03,166.09,116.36,211.84,106.64,223.46,161.3
181.09,168.53,173.22,112.48,219.94,105.92,227.82,161.96
184.52,165.85,180.52,108.69,228.0,105.37,232.0,162.53
188.0,163.0,188.0,105.0,236.0,105.0,236.0,163.0
196.0,159.0,196.0,102.0,241.0,102.0,241.0,159.0
203.0,157.0,203.0,100.0,248.0,100.0,248.0,157.0
210.0,154.0,210.0,97.0,252.0,97.0,252.0,154.0
213.0,155.0,213.0,94.0,258.0,94.0,258.0,155.0
216.0,157.0,216.0,99.0,260.0,99.0,260.0,157.0
218.0,152.0,218.0,96.0,262.0,96.0,262.0,152.0
220.0,155.0,220.0,97.0,265.0,97.0,265.0,155.0
223.0,157.0,223.0,98.0,267.0,98.0,267.0,157.0
227.0,159.0,227.0,102.0,269.0,102.0,269.0,159.0
224.0,161.0,224.0,106.0,270.0,106.0,270.0,161.0
224.0,170.0,224.0,109.0,268.0,109.0,268.0,170.0
220.0,171.0,220.0,109.0,267.0,109.0,267.0,171.0
221.0,174.0,221.0,112.0,266.0,112.0,266.0,174.0
221.0,176.0,221.0,115.0,265.0,115.0,265.0,176.0
222.0,178.0,222.0,118.0,266.0,118.0,266.0,178.0
222.0,181.0,222.0,121.0,266.0,121.0,266.0,181.0
223.0,184.0,223.0,125.0,267.0,125.0,267.0,184.0
223.0,186.0,223.0,128.0,267.0,128.0,267.0,186.0
224.0,189.0,224.0,131.0,267.0,131.0,267.0,189.0
224.0,191.0,224.0,134.0,267.0,134.0,267.0,191.0
225.0,194.0,225.0,138.0,268.0,138.0,268.0,194.0
225.0,197.0,225.0,141.0,268.0,141.0,268.0,197.0
226.0,199.0,226.0,144.0,269.0,144.0,269.0,199.0
227.0,203.0,227.0,148.0,270.0,148.0,270.0,203.0
