438.67,178.99,438.67,107.67,488.33,107.67,488.33,178.99
438.67,179.02,438.67,107.68,488.33,107.68,488.33,179.02
438.64,179.05,438.64,107.71,488.3,107.71,488.3,179.05
438.64,179.07,438.64,107.72,488.3,107.72,488.3,179.07
438.6,179.1,438.6,107.75,488.26,107.75,488.26,179.1
438.6,179.12,438.6,107.76,488.26,107.76,488.26,179.12
439.27,178.78,439.27,107.42,488.93,107.42,488.93,178.78
439.93,178.45,439.93,107.09,489.6,107.09,489.6,178.45
440.6,178.12,440.6,106.76,490.26,106.76,490.26,178.12
441.27,177.78,441.27,106.42,490.93,106.42,490.93,177.78
441.93,177.45,441.93,106.09,491.6,106.09,491.6,177.45
442.27,177.12,442.27,105.76,491.93,105.76,491.93,177.12
442.6,176.78,442.6,105.42,492.26,105.42,492.26,176.78
442.93,176.45,442.93,105.09,492.6,105.09,492.6,176.45
443.27,176.12,443.27,104.76,492.93,104.76,492.93,176.12
443.6,175.78,443.6,104.42,493.26,104.42,493.26,175.78
443.93,175.78,443.93,104.42,493.6,104.42,493.6,175.78
444.27,175.78,444.27,104.42,493.93,104.42,493.93,175.78
444.6,175.78,444.6,104.42,494.26,104.42,494.26,175.78
444.93,175.78,444.93,104.42,494.6,104.42,494.6,175.78
445.27,175.78,445.27,104.42,494.93,104.42,494.93,175.78
445.27,175.78,445.27,104.42,494.93,104.42,494.93,175.78
445.27,175.78,445.27,104.42,494.93,104.42,494.93,175.78
445.27,175.78,445.27,104.42,494.93,104.42,494.93,175.78
445.27,175.78,445.27,104.42,494.93,104.42,494.93,175.78
445.27,175.78,445.27,104.42,494.93,104.42,494.93,175.78
444.6,176.78,444.6,105.42,494.26,105.42,494.26,176.78
443.93,177.78,443.93,106.42,493.6,106.42,493.6,177.78
443.27,178.78,443.27,107.42,492.93,107.42,492.93,178.78
442.6,179.78,442.6,108.42,492.26,108.42,492.26,179.78
441.93,180.78,441.93,109.42,491.6,109.42,491.6,180.78
441.27,181.45,441.27,110.09,490.93,110.09,490.93,181.45
440.6,182.12,440.6,110.76,490.26,110.76,490.26,182.12
439.93,182.78,439.93,111.42,489.6,111.42,489.6,182.78
439.27,183.45,439.27,112.09,488.93,112.09,488.93,183.45
438.6,184.12,438.6,112.76,488.26,112.76,488.26,184.12
438.27,184.45,438.27,113.09,487.93,113.09,487.93,184.45
437.93,184.78,437.93,113.42,487.6,113.42,487.6,184.78
437.6,185.12,437.6,113.76,487.26,113.76,487.26,185.12
437.27,185.45,437.27,114.09,486.93,114.09,486.93,185.45
436.93,185.78,436.93,114.42,486.6,114.42,486.6,185.78
436.93,185.78,436.93,114.42,486.6,114.42,486.6,185.78
436.93,185.78,436.93,114.42,486.6,114.42,486.6,185.78
436.93,185.78,436.93,114.42,486.6,114.42,486.6,185.78
436.93,185.78,436.93,114.42,486.6,114.42,486.6,185.78
436.93,185.78,436.93,114.42,486.6,114.42,486.6,185.78
436.6,185.78,436.6,114.42,486.26,114.42,486.26,185.78
436.27,185.78,436.27,114.42,485.93,114.42,485.93,185.78
435.93,185.78,435.93,114.42,485.6,114.42,485.6,185.78
435.6,185.78,435.6,114.42,485.26,114.42,485.26,185.78
435.27,185.78,435.27,114.42,484.93,114.42,484.93,185.78
434.8,186.97,434.8,114.82,483.56,114.82,483.56,186.97
434.37,188.16,434.37,115.22,482.21,115.22,482.21,188.16
433.89,189.35,433.89,115.61,480.85,115.61,480.85,189.35
433.47,190.54,433.47,116.01,479.51,116.01,479.51,190.54
435.26,189.75,435.26,114.43,480.39,114.43,480.39,189.75
435.26,189.75,435.26,114.43,480.39,114.43,480.39,189.75
435.26,189.75,435.26,114.43,480.39,114.43,480.39,189.75
435.26,189.75,435.26,114.43,480.39,114.43,480.39,189.75
435.26,189.75,435.26,114.43,480.39,114.43,480.39,189.75
435.26,189.75,435.26,114.43,480.39,114.43,480.39,189.75
435.26,189.75,435.26,114.43,480.39,114.43,480.39,189.75
435.26,189.75,435.26,114.43,480.39,114.43,480.39,189.75
435.26,189.75,435.26,114.43,480.39,114.43,480.39,189.75
435.26,189.75,435.26,114.43,480.39,114.43,480.39,189.75
435.26,189.75,435.26,114.43,480.39,114.43,480.39,189.75
434.93,190.08,434.93,114.76,480.07,114.76,480.07,190.08
434.61,190.41,434.61,115.09,479.74,115.09,479.74,190.41
434.26,190.75,434.26,115.43,479.39,115.43,479.39,190.75
433.93,191.08,433.93,115.76,479.07,115.76,479.07,191.08
433.61,191.41,433.61,116.09,478.74,116.09,478.74,191.41
433.61,192.41,433.61,117.09,478.74,117.09,478.74,192.41
433.61,193.41,433.61,118.09,478.74,118.09,478.74,193.41
433.61,194.41,433.61,119.09,478.74,119.09,478.74,194.41
433.61,195.41,433.61,120.09,478.74,120.09,478.74,195.41
433.61,196.41,433.61,121.09,478.74,121.09,478.74,196.41
433.61,196.75,433.61,121.43,478.74,121.43,478.74,196.75
433.61,197.08,433.61,121.76,478.74,121.76,478.74,197.08
433.61,197.41,433.61,122.09,478.74,122.09,478.74,197.41
433.61,197.75,433.61,122.43,478.74,122.43,478.74,197.75
433.61,198.08,433.61,122.76,478.74,122.76,478.74,198.08
433.26,198.08,433.26,122.76,478.39,122.76,478.39,198.08
432.93,198.08,432.93,122.76,478.07,122.76,478.07,198.08
432.61,198.08,432.61,122.76,477.74,122.76,477.74,198.08
432.26,198.08,432.26,122.76,477.39,122.76,477.39,198.08
431.93,198.08,431.93,122.76,477.07,122.76,477.07,198.08
431.93,198.75,431.93,123.43,477.07,123.43,477.07,198.75
431.93,199.41,431.93,124.09,477.07,124.09,477.07,199.41
431.93,200.08,431.93,124.76,477.07,124.76,477.07,200.08
431.93,200.75,431.93,125.43,477.07,125.43,477.07,200.75
431.93,201.41,431.93,126.09,477.07,126.09,477.07,201.41
432.26,202.08,432.26,126.76,477.39,126.76,477.39,202.08
432.61,202.75,432.61,127.43,477.74,127.43,477.74,202.75
432.93,203.41,432.93,128.09,478.07,128.09,478.07,203.41
433.26,204.08,433.26,128.76,478.39,128.76,478.39,204.08
433.61,204.75,433.61,129.43,478.74,129.43,478.74,204.75
434.26,204.75,434.26,129.43,479.39,129.43,479.39,204.75
434.93,204.75,434.93,129.43,480.07,129.43,480.07,204.75
435.61,204.75,435.61,129.43,480.74,129.43,480.74,204.75
436.26,204.75,436.26,129.43,481.39,129.43,481.39,204.75
436.93,204.75,436.93,129.43,482.07,129.43,482.07,204.75
436.93,203.75,436.93,128.43,482.07,128.43,482.07,203.75
436.93,202.75,436.93,127.43,482.07,127.43,482.07,202.75
436.93,201.75,436.93,126.43,482.07,126.43,482.07,201.75
436.93,200.75,436.93,125.43,482.07,125.43,482.07,200.75
436.93,199.75,436.93,124.43,482.07,124.43,482.07,199.75
434.26,198.75,434.26,123.43,479.39,123.43,479.39,198.75
431.61,197.75,431.61,122.43,476.74,122.43,476.74,197.75
428.93,196.75,428.93,121.43,474.07,121.43,474.07,196.75
426.26,195.75,426.26,120.43,471.39,120.43,471.39,195.75
423.61,194.75,423.61,119.43,468.74,119.43,468.74,194.75
424.26,194.41,424.26,119.09,469.39,119.09,469.39,194.41
424.93,194.08,424.93,118.76,470.07,118.76,470.07,194.08
425.61,193.75,425.61,118.43,470.74,118.43,470.74,193.75
426.26,193.41,426.26,118.09,471.39,118.09,471.39,193.41
426.93,193.08,426.93,117.76,472.07,117.76,472.07,193.08
427.99,193.08,427.99,117.76,474.33,117.76,474.33,193.08
429.07,193.08,429.07,117.76,476.59,117.76,476.59,193.08
430.13,193.08,430.13,117.76,478.85,117.76,478.85,193.08
431.2,193.08,431.2,117.76,481.1,117.76,481.1,193.08
429.3,193.08,429.3,117.76,480.4,117.76,480.4,193.08
429.63,193.08,429.63,117.76,480.73,117.76,480.73,193.08
429.97,193.08,429.97,117.76,481.07,117.76,481.07,193.08
430.3,193.08,430.3,117.76,481.4,117.76,481.4,193.08
430.63,193.08,430.63,117.76,481.73,117.76,481.73,193.08
430.97,193.08,430.97,117.76,482.07,117.76,482.07,193.08
431.6,193.08,431.6,117.76,484.08,117.76,484.08,193.08
432.27,193.08,432.27,117.76,486.13,117.76,486.13,193.08
432.9,193.08,432.9,117.76,488.14,117.76,488.14,193.08
433.53,193.08,433.53,117.76,490.15,117.76,490.15,193.08
430.73,193.08,430.73,117.76,488.73,117.76,488.73,193.08
432.57,193.99,432.57,118.67,491.76,118.67,491.76,193.99
434.39,194.89,434.39,119.57,494.79,119.57,494.79,194.89
436.23,195.8,436.23,120.48,497.81,120.48,497.81,195.8
438.07,196.7,438.07,121.38,500.84,121.38,500.84,196.7
436.9,197.61,436.9,122.29,500.86,122.29,500.86,197.61
437.66,198.03,437.66,122.71,501.64,122.71,501.64,198.03
438.47,198.45,438.47,123.13,502.43,123.13,502.43,198.45
439.23,198.87,439.23,123.55,503.21,123.55,503.21,198.87
440.03,199.28,440.03,123.96,504.01,123.96,504.01,199.28
440.79,199.7,440.79,124.38,504.77,124.38,504.77,199.7
441.49,199.7,441.49,124.38,505.47,124.38,505.47,199.7
442.23,199.7,442.23,124.38,506.21,124.38,506.21,199.7
442.93,199.7,442.93,124.38,506.91,124.38,506.91,199.7
443.66,199.7,443.66,124.38,507.64,124.38,507.64,199.7
444.36,199.7,444.36,124.38,508.34,124.38,508.34,199.7
444.29,198.81,444.29,123.49,508.27,123.49,508.27,198.81
444.23,197.91,444.23,122.59,508.21,122.59,508.21,197.91
444.2,197.01,444.2,121.69,508.16,121.69,508.16,197.01
444.14,196.12,444.14,120.8,508.1,120.8,508.1,196.12
444.07,195.22,444.07,119.9,508.03,119.9,508.03,195.22
444.66,195.22,444.66,119.9,508.64,119.9,508.64,195.22
445.27,195.22,445.27,119.9,509.23,119.9,509.23,195.22
445.86,195.22,445.86,119.9,509.84,119.9,509.84,195.22
446.47,195.22,446.47,119.9,510.43,119.9,510.43,195.22
447.07,195.22,447.07,119.9,511.03,119.9,511.03,195.22
447.46,194.92,447.46,119.6,512.69,119.6,512.69,194.92
447.83,194.62,447.83,119.3,514.32,119.3,514.32,194.62
448.23,194.32,448.23,119.0,515.98,119.0,515.98,194.32
448.64,194.02,448.64,118.7,517.65,118.7,517.65,194.02
445.86,193.72,445.86,118.4,516.14,118.4,516.14,193.72
445.43,193.84,445.43,118.52,515.71,118.52,515.71,193.84
445.04,193.96,445.04,118.64,515.31,118.64,515.31,193.96
444.6,194.09,444.6,118.77,514.86,118.77,514.86,194.09
444.19,194.2,444.19,118.88,514.46,118.88,514.46,194.2
443.76,194.32,443.76,119.0,514.04,119.0,514.04,194.32
443.27,194.26,443.27,118.94,514.55,118.94,514.55,194.26
442.77,194.2,442.77,118.88,515.05,118.88,515.05,194.2
442.24,194.14,442.24,118.82,515.55,118.82,515.55,194.14
441.73,194.08,441.73,118.76,516.05,118.76,516.05,194.08
438.7,194.02,438.7,118.7,514.04,118.7,514.04,194.02
438.57,194.98,438.57,119.66,515.45,119.66,515.45,194.98
438.46,195.94,438.46,120.62,516.9,120.62,516.9,195.94
438.34,196.9,438.34,121.58,518.3,121.58,518.3,196.9
438.23,197.85,438.23,122.53,519.75,122.53,519.75,197.85
434.23,198.81,434.23,123.49,517.3,123.49,517.3,198.81
435.14,200.49,435.14,124.12,517.6,124.12,517.6,200.49
436.03,202.18,436.03,124.77,517.91,124.77,517.91,202.18
436.93,203.87,436.93,125.41,518.22,125.41,518.22,203.87
437.83,205.56,437.83,126.06,518.53,126.06,518.53,205.56
440.2,204.64,440.2,124.08,520.3,124.08,520.3,204.64
441.54,204.32,441.54,123.76,518.55,123.76,518.55,204.32
442.89,203.99,442.89,123.44,516.82,123.45,516.82,203.99
444.27,203.67,444.27,123.12,515.11,123.12,515.11,203.67
445.61,203.36,445.61,122.81,513.35,122.8,513.35,203.36
454.67,203.04,454.67,122.48,519.33,122.48,519.33,203.04
454.9,203.53,454.9,121.99,520.01,121.99,520.01,203.53
455.1,204.02,455.1,121.49,520.65,121.49,520.65,204.02
455.33,204.52,455.33,120.99,521.32,120.99,521.32,204.52
455.54,205.02,455.54,120.5,521.96,120.5,521.96,205.02
454.67,203.04,454.67,117.52,521.54,117.52,521.54,203.04
454.27,203.04,454.27,117.52,521.14,117.52,521.14,203.04
453.86,203.04,453.86,117.52,520.73,117.52,520.73,203.04
453.43,203.04,453.43,117.52,520.3,117.52,520.3,203.04
453.04,203.04,453.04,117.52,519.91,117.52,519.91,203.04
452.64,203.04,452.64,117.52,519.51,117.52,519.51,203.04
452.57,202.81,452.57,117.41,520.01,117.41,520.01,202.81
452.54,202.59,452.54,117.29,520.55,117.29,520.55,202.59
452.47,202.37,452.47,117.17,521.05,117.17,521.05,202.37
452.43,202.15,452.43,117.05,521.59,117.05,521.59,202.15
450.93,202.19,450.93,117.19,520.66,117.19,520.66,202.19
451.74,201.79,451.74,116.79,521.46,116.79,521.46,201.79
452.57,201.38,452.57,116.38,522.29,116.38,522.29,201.38
453.37,200.98,453.37,115.98,523.09,115.98,523.09,200.98
454.21,200.57,454.21,115.57,523.93,115.57,523.93,200.57
455.01,200.17,455.01,115.17,524.73,115.17,524.73,200.17
456.07,200.44,456.07,115.44,525.79,115.44,525.79,200.44
457.17,200.7,457.17,115.7,526.9,115.7,526.9,200.7
458.24,200.98,458.24,115.98,527.96,115.98,527.96,200.98
459.34,201.25,459.34,116.25,529.07,116.25,529.07,201.25
460.4,201.51,460.4,116.51,530.14,116.51,530.14,201.51
460.79,200.77,460.79,116.11,529.77,116.11,529.77,200.77
461.17,200.03,461.17,115.71,529.37,115.71,529.37,200.03
461.57,199.29,461.57,115.31,528.99,115.31,528.99,199.29
461.93,198.54,461.93,114.9,528.6,114.9,528.6,198.54
464.23,198.65,464.23,115.34,530.13,115.34,530.13,198.65
463.63,198.65,463.63,115.34,529.53,115.34,529.53,198.65
463.03,198.65,463.03,115.34,528.93,115.34,528.93,198.65
462.43,198.65,462.43,115.34,528.33,115.34,528.33,198.65
461.83,198.65,461.83,115.34,527.73,115.34,527.73,198.65
461.23,198.65,461.23,115.34,527.13,115.34,527.13,198.65
461.7,199.42,461.7,115.42,527.6,115.42,527.6,199.42
462.17,200.2,462.17,115.5,528.07,115.5,528.07,200.2
462.63,200.98,462.63,115.58,528.53,115.58,528.53,200.98
463.1,201.76,463.1,115.67,529.0,115.67,529.0,201.76
463.57,200.79,463.57,114.01,529.47,114.01,529.47,200.79
464.04,201.21,464.04,114.43,527.84,114.43,527.84,201.21
464.5,201.62,464.5,114.84,526.21,114.84,526.21,201.62
464.97,202.03,464.97,115.25,524.59,115.25,524.59,202.03
465.43,202.45,465.43,115.67,522.97,115.67,522.97,202.45
471.14,202.86,471.14,116.08,526.57,116.08,526.57,202.86
471.9,202.1,471.9,115.32,526.47,115.32,526.47,202.1
472.7,201.34,472.7,114.56,526.42,114.56,526.42,201.34
473.47,200.59,473.47,113.81,526.32,113.81,526.32,200.59
474.24,199.83,474.24,113.05,526.22,113.05,526.22,199.83
477.17,199.07,477.17,112.29,528.3,112.29,528.3,199.07
477.17,198.88,477.17,112.48,528.3,112.48,528.3,198.88
477.17,198.69,477.17,112.66,528.3,112.66,528.3,198.69
477.17,198.5,477.17,112.85,528.3,112.85,528.3,198.5
477.17,198.31,477.17,113.04,528.3,113.04,528.3,198.31
477.17,199.08,477.17,114.19,528.3,114.18,528.3,199.08
476.47,199.77,476.47,114.37,527.41,114.37,527.41,199.77
475.77,200.45,475.77,114.55,526.52,114.55,526.52,200.45
475.07,201.15,475.07,114.74,525.61,114.74,525.61,201.15
474.37,201.84,474.37,114.93,524.73,114.93,524.73,201.84
474.14,201.27,474.14,113.85,524.3,113.85,524.3,201.27
474.73,201.35,474.73,113.97,526.27,113.97,526.27,201.35
475.37,201.43,475.37,114.08,528.27,114.08,528.27,201.43
475.96,201.52,475.96,114.21,530.23,114.21,530.23,201.52
476.57,201.61,476.57,114.33,532.2,114.33,532.2,201.61
473.77,201.78,473.77,114.54,530.77,114.54,530.77,201.78
473.17,201.24,473.17,114.32,530.35,114.32,530.35,201.24
472.57,200.71,472.57,114.09,529.93,114.09,529.93,200.71
471.97,200.18,471.97,113.87,529.51,113.87,529.51,200.18
471.37,199.63,471.37,113.65,529.09,113.65,529.09,199.63
470.33,199.88,470.33,114.2,528.23,114.2,528.23,199.88
469.37,200.34,469.37,114.76,528.75,114.76,528.75,200.34
468.43,200.8,468.43,115.32,529.29,115.32,529.29,200.8
467.47,201.26,467.47,115.88,529.81,115.88,529.81,201.26
466.53,201.72,466.53,116.44,530.35,116.44,530.35,201.72
461.87,202.42,461.87,117.25,527.17,117.26,527.17,202.42
461.96,202.33,461.96,117.16,528.57,117.15,528.57,202.33
462.1,202.23,462.1,117.06,530.03,117.05,530.03,202.23
462.2,202.12,462.2,116.95,531.44,116.95,531.44,202.12
462.33,202.02,462.33,116.86,532.89,116.86,532.89,202.02
459.17,201.92,459.17,116.75,531.04,116.76,531.04,201.92
458.27,202.82,458.27,116.74,530.7,116.74,530.7,202.82
457.33,203.72,457.33,116.72,530.33,116.72,530.33,203.72
456.43,204.62,456.43,116.71,530.01,116.71,530.01,204.62
455.54,205.5,455.54,116.68,529.67,116.68,529.67,205.5
453.2,204.12,453.2,114.38,527.9,114.38,527.9,204.12
452.63,204.05,452.63,114.31,527.33,114.31,527.33,204.05
452.07,203.98,452.07,114.24,526.77,114.24,526.77,203.98
451.47,203.91,451.47,114.17,526.17,114.17,526.17,203.91
450.9,203.84,450.9,114.1,525.6,114.1,525.6,203.84
450.33,203.76,450.33,114.02,525.03,114.02,525.03,203.76
450.6,203.76,450.6,113.38,524.1,113.38,524.1,203.76
450.83,203.76,450.83,112.74,523.13,112.74,523.13,203.76
451.1,203.76,451.1,112.1,522.2,112.1,522.2,203.76
451.33,203.76,451.33,111.46,521.23,111.46,521.23,203.76
454.6,202.16,454.6,109.22,523.3,109.22,523.3,202.16
454.83,202.73,454.83,109.61,523.96,109.61,523.96,202.73
455.07,203.3,455.07,109.99,524.61,109.99,524.61,203.3
455.27,203.88,455.27,110.39,525.25,110.39,525.25,203.88
455.49,204.45,455.49,110.77,525.91,110.77,525.91,204.45
454.66,204.55,454.66,110.69,525.49,110.69,525.49,204.55
454.0,203.82,454.0,111.07,526.76,111.07,526.76,203.82
453.33,203.07,453.33,111.43,528.03,111.43,528.03,203.07
452.67,202.32,452.67,111.8,529.28,111.8,529.28,202.32
452.0,201.58,452.0,112.19,530.54,112.18,530.54,201.58
446.49,203.63,446.49,115.35,526.97,115.35,526.97,203.63
446.17,203.96,446.17,115.93,528.61,115.93,528.61,203.96
445.8,204.29,445.8,116.5,530.22,116.5,530.22,204.29
445.43,204.62,445.43,117.08,531.85,117.08,531.85,204.62
445.1,204.96,445.1,117.66,533.48,117.66,533.48,204.96
439.8,205.9,439.8,118.86,530.17,118.86,530.17,205.9
439.16,206.68,439.16,119.11,528.99,119.11,528.99,206.68
438.57,207.46,438.57,119.37,527.87,119.37,527.87,207.46
437.93,208.23,437.93,119.63,526.71,119.63,526.71,208.23
437.34,209.01,437.34,119.89,525.57,119.89,525.57,209.01
438.03,208.49,438.03,118.85,525.73,118.85,525.73,208.49
435.21,208.32,435.21,118.68,522.29,118.68,522.29,208.32
432.33,208.14,432.33,118.5,518.82,118.5,518.82,208.14
429.5,207.96,429.5,118.32,515.38,118.32,515.38,207.96
426.66,207.78,426.66,118.14,511.93,118.14,511.93,207.78
425.34,207.6,425.34,117.96,510.01,117.96,510.01,207.6
423.43,206.29,423.43,116.51,509.59,116.51,509.59,206.29
421.57,204.97,421.57,115.05,509.22,115.05,509.22,204.97
419.66,203.65,419.66,113.58,508.82,113.58,508.82,203.65
417.8,202.33,417.8,112.12,508.44,112.12,508.44,202.33
412.17,200.67,412.17,110.32,504.3,110.32,504.3,200.67
412.04,199.77,412.04,109.99,505.11,109.99,505.11,199.77
411.87,198.87,411.87,109.67,505.87,109.67,505.87,198.87
411.74,197.99,411.74,109.35,506.67,109.35,506.67,197.99
411.57,197.09,411.57,109.03,507.43,109.03,507.43,197.09
409.1,197.62,409.1,110.14,505.9,110.14,505.9,197.62
409.33,198.26,409.33,110.19,505.45,110.19,505.45,198.26
409.6,198.9,409.6,110.24,505.04,110.24,505.04,198.9
409.83,199.54,409.83,110.29,504.59,110.29,504.59,199.54
410.1,200.19,410.1,110.35,504.18,110.35,504.18,200.19
412.03,199.35,412.03,108.93,505.43,108.93,505.43,199.35
412.53,199.84,412.53,109.08,505.93,109.08,505.93,199.84
413.03,200.33,413.03,109.25,506.43,109.25,506.43,200.33
413.53,200.81,413.53,109.41,506.93,109.41,506.93,200.81
414.03,201.29,414.03,109.57,507.43,109.57,507.43,201.29
414.53,200.98,414.53,108.92,507.93,108.92,507.93,200.98
414.17,200.48,414.17,108.46,506.13,108.46,506.13,200.48
413.8,199.99,413.8,108.01,504.32,108.01,504.32,199.99
413.43,199.49,413.43,107.55,502.51,107.55,502.51,199.49
413.07,199.0,413.07,107.1,500.71,107.1,500.71,199.0
416.3,198.6,416.3,106.73,502.5,106.73,502.5,198.6
415.93,197.6,415.93,106.35,503.57,106.35,503.57,197.6
415.57,196.6,415.57,105.96,504.61,105.96,504.61,196.6
415.23,195.6,415.23,105.58,505.71,105.58,505.71,195.6
414.86,194.58,414.86,105.19,506.78,105.2,506.78,194.58
410.93,195.13,410.93,106.37,504.27,106.37,504.27,195.13
409.46,195.75,409.46,106.67,505.98,106.67,505.98,195.75
407.97,196.37,407.97,106.97,507.65,106.97,507.65,196.37
406.51,196.98,406.51,107.26,509.35,107.26,509.35,196.98
404.99,197.6,404.99,107.56,511.03,107.56,511.03,197.6
395.6,197.43,395.6,107.07,504.8,107.07,504.8,197.43
395.53,198.37,395.53,107.77,503.25,107.77,503.25,198.37
395.47,199.32,395.47,108.47,501.71,108.47,501.71,199.32
395.37,200.27,395.37,109.17,500.13,109.17,500.13,200.27
395.3,201.23,395.3,109.87,498.58,109.87,498.58,201.23
398.93,201.55,398.93,109.94,500.73,109.93,500.73,201.55
396.63,202.3,396.63,111.14,495.45,111.14,495.45,202.3
394.37,203.08,394.37,112.35,490.21,112.35,490.21,203.08
392.07,203.84,392.07,113.54,484.93,113.54,484.93,203.84
389.77,204.6,389.77,114.74,479.65,114.74,479.65,204.6
394.93,206.46,394.93,117.03,481.83,117.03,481.83,206.46
394.23,207.86,394.23,117.69,481.12,117.68,481.12,207.86
393.49,209.26,393.49,118.34,480.39,118.34,480.39,209.26
392.8,210.66,392.8,119.0,479.68,119.0,479.68,210.66
392.11,212.07,392.11,119.65,478.98,119.65,478.98,212.07
391.39,211.6,391.39,118.45,478.26,118.45,478.26,211.6
390.6,209.85,390.6,117.39,479.76,117.39,479.76,209.85
389.76,208.09,389.76,116.34,481.21,116.34,481.21,208.09
388.96,206.33,388.96,115.28,482.71,115.29,482.71,206.33
388.13,204.58,388.13,114.24,484.17,114.24,484.17,204.58
381.6,204.58,381.6,114.94,479.93,114.94,479.93,204.58
381.1,201.56,381.1,112.49,480.26,112.49,480.26,201.56
380.6,198.53,380.6,110.03,480.58,110.03,480.58,198.53
380.11,195.5,380.11,107.57,480.89,107.57,480.89,195.5
379.61,192.48,379.61,105.12,481.21,105.12,481.21,192.48
377.07,190.88,377.07,104.08,479.49,104.08,479.49,190.88
378.0,191.54,378.0,103.9,482.28,103.9,482.28,191.54
378.89,192.2,378.89,103.73,485.02,103.73,485.02,192.2
379.84,192.85,379.84,103.54,487.8,103.54,487.8,192.85
380.73,193.49,380.73,103.35,490.55,103.35,490.55,193.49
377.04,192.05,377.04,101.07,488.7,101.07,488.7,192.05
