188.62,321.46,194.43,210.61,231.38,212.54,225.57,323.39
185.79,322.96,193.27,212.74,230.61,215.27,223.13,325.5
182.98,324.45,192.11,214.88,229.83,218.02,220.7,327.6
180.17,325.92,190.94,217.02,229.04,220.79,218.27,329.69
177.39,327.37,189.76,219.17,228.23,223.57,215.85,331.77
174.61,328.81,188.59,221.33,227.4,226.38,213.43,333.85
171.86,330.22,187.41,223.49,226.56,229.2,211.01,335.93
171.0,330.85,187.91,225.77,225.71,231.86,208.8,336.94
170.16,331.49,188.4,228.09,224.84,234.51,206.6,337.91
172.08,331.48,189.38,228.34,226.23,234.52,208.93,337.66
174.0,331.46,190.36,228.61,227.62,234.54,211.26,337.39
175.91,331.44,191.35,228.89,229.02,234.56,213.58,337.11
177.83,331.43,192.34,229.17,230.42,234.57,215.9,336.83
179.74,331.41,193.34,229.46,231.82,234.59,218.22,336.54
181.64,331.39,194.34,229.75,233.22,234.61,220.53,336.25
183.55,331.37,195.34,230.06,234.63,234.63,222.84,335.94
187.44,332.24,197.98,227.27,237.69,231.26,227.16,336.23
191.4,333.12,200.56,224.5,240.69,227.88,231.53,336.5
195.42,333.98,203.09,221.75,243.63,224.52,235.96,336.75
199.49,334.85,205.56,219.01,246.51,221.15,240.44,336.99
202.98,336.17,208.2,220.0,249.02,221.83,243.8,338.0
206.48,337.48,210.84,220.99,251.52,222.52,247.16,339.01
209.98,338.8,213.47,221.99,254.02,223.2,250.53,340.01
213.48,340.1,216.11,222.99,256.52,223.9,253.89,341.01
216.98,341.41,218.74,223.99,259.02,224.59,257.26,342.01
220.49,342.71,221.37,224.99,261.51,225.29,260.63,343.01
224.0,344.0,224.0,226.0,264.0,226.0,264.0,344.0
228.71,342.75,227.65,226.23,268.27,225.86,269.33,342.38
233.4,341.49,231.31,226.46,272.56,225.72,274.65,340.74
238.08,340.24,234.99,226.71,276.85,225.57,279.94,339.1
242.75,338.99,238.68,226.97,281.16,225.43,285.23,337.45
247.41,337.74,242.39,227.24,285.48,225.28,290.5,335.79
252.06,336.5,246.12,227.51,289.81,225.13,295.75,334.11
256.69,335.25,249.86,227.8,294.15,224.98,300.99,332.43
261.32,334.01,253.61,228.09,298.51,224.83,306.21,330.74
265.93,332.77,257.38,228.4,302.87,224.67,311.42,329.04
270.47,335.1,260.9,229.92,305.77,225.84,315.34,331.02
275.02,337.43,264.4,231.45,308.65,227.02,319.27,332.99
279.58,339.74,267.91,232.98,311.53,228.21,323.21,334.97
284.15,342.04,271.4,234.51,314.4,229.41,327.15,336.94
288.72,344.33,274.89,236.04,317.26,230.62,331.1,338.92
293.31,346.61,278.37,237.56,320.11,231.84,335.05,340.89
297.9,348.88,281.85,239.09,322.96,233.08,339.01,342.87
298.24,349.46,281.05,238.93,324.35,232.2,341.54,342.72
298.58,350.04,280.25,238.8,325.73,231.3,344.07,342.55
298.94,350.65,279.44,238.69,327.1,230.39,346.6,342.35
299.1,350.82,278.42,238.16,326.27,229.38,346.94,342.04
299.27,350.98,277.4,237.64,325.43,228.38,347.29,341.72
299.44,351.14,276.37,237.13,324.58,227.38,347.65,341.39
299.63,351.3,275.34,236.63,323.72,226.38,348.01,341.05
299.82,351.45,274.3,236.14,322.85,225.39,348.37,340.7
300.03,351.6,273.26,235.65,321.97,224.4,348.74,340.35
299.06,349.97,271.63,235.71,319.6,224.2,347.03,338.45
298.09,348.33,270.02,235.78,317.25,224.0,345.31,336.56
297.1,346.69,268.43,235.83,314.9,223.81,343.57,334.67
296.1,345.03,266.85,235.88,312.57,223.63,341.82,332.78
295.08,343.37,265.28,235.93,310.25,223.46,340.05,330.9
294.05,341.71,263.73,235.97,307.95,223.29,338.27,329.03
290.29,342.25,259.4,236.73,303.15,223.92,334.04,329.44
286.52,342.78,255.07,237.48,298.34,224.55,329.8,329.85
282.76,343.31,250.73,238.23,293.54,225.19,325.57,330.27
278.99,343.84,246.4,238.99,288.74,225.83,321.33,330.68
275.23,344.36,242.07,239.74,283.94,226.47,317.09,331.09
271.46,344.88,237.74,240.49,279.14,227.12,312.86,331.51
267.69,345.39,233.42,241.24,274.34,227.77,308.62,331.93
263.92,345.91,229.09,241.99,269.54,228.43,304.38,332.34
260.16,346.41,224.76,242.74,264.74,229.09,300.14,332.76
256.38,346.92,220.43,243.49,259.95,229.75,295.9,333.18
252.61,347.41,216.11,244.23,255.15,230.42,291.66,333.6
248.84,347.91,211.78,244.98,250.36,231.09,287.42,334.02
242.27,347.47,205.66,244.45,244.04,230.81,280.65,333.83
235.71,347.03,199.53,243.92,237.72,230.53,273.89,333.63
229.14,346.59,193.41,243.4,231.39,230.25,267.13,333.43
222.58,346.15,187.28,242.88,225.07,229.97,260.36,333.23
216.01,345.71,181.16,242.36,218.75,229.68,253.6,333.03
209.45,345.26,175.04,241.84,212.42,229.4,246.83,332.83
202.89,344.82,168.92,241.32,206.1,229.12,240.07,332.62
196.32,344.38,162.8,240.81,199.77,228.84,233.3,332.41
189.76,343.94,156.68,240.3,193.45,228.56,226.53,332.21
183.2,343.5,150.56,239.79,187.12,228.28,219.76,331.99
178.99,342.25,146.15,238.3,182.54,226.81,215.38,330.75
174.79,341.0,141.73,236.82,177.95,225.33,211.01,329.51
170.58,339.75,137.32,235.34,173.37,223.86,206.63,328.27
166.38,338.5,132.91,233.86,168.78,222.39,202.25,327.03
162.17,337.25,128.5,232.38,164.2,220.91,197.87,325.79
157.97,336.0,124.08,230.9,159.61,219.44,193.5,324.55
153.76,334.75,119.67,229.41,155.03,217.97,189.12,323.31
149.56,333.5,115.26,227.93,150.44,216.5,184.74,322.07
146.64,333.21,112.72,226.97,148.84,215.45,182.75,321.68
143.71,332.91,110.19,226.01,147.24,214.4,180.75,321.3
140.78,332.61,107.66,225.04,145.64,213.35,178.76,320.92
137.85,332.3,105.14,224.07,144.04,212.31,176.76,320.54
134.91,331.99,102.61,223.1,142.45,211.28,174.75,320.17
131.97,331.67,100.09,222.12,140.87,210.25,172.75,319.8
129.03,331.34,97.57,221.14,139.28,209.23,170.74,319.44
126.08,331.01,95.05,220.15,137.7,208.21,168.73,319.08
123.13,330.68,92.54,219.16,136.13,207.2,166.72,318.72
124.18,329.55,94.17,217.89,137.67,206.2,167.69,317.86
125.24,328.42,95.8,216.63,139.22,205.2,168.65,316.99
126.29,327.29,97.44,215.37,140.76,204.2,169.62,316.12
127.35,326.16,99.07,214.11,142.3,203.2,170.58,315.25
128.4,325.03,100.7,212.85,143.84,202.2,171.54,314.38
129.46,323.89,102.34,211.59,145.39,201.2,172.5,313.5
130.51,322.76,103.98,210.34,146.93,200.2,173.46,312.62
132.64,320.65,106.94,209.2,150.31,199.2,176.01,310.65
134.78,318.54,109.9,208.07,153.69,198.21,178.56,308.68
136.92,316.43,112.85,206.93,157.06,197.21,181.12,306.71
139.06,314.31,115.8,205.8,160.42,196.23,183.69,304.74
141.22,312.18,118.74,204.66,163.78,195.25,186.26,302.77
143.37,310.05,121.68,203.53,167.14,194.27,188.83,300.8
145.54,307.92,124.61,202.39,170.49,193.3,191.41,298.82
147.7,305.78,127.54,201.26,173.83,192.33,194.0,296.85
149.88,303.64,130.46,200.13,177.17,191.37,196.59,294.88
152.06,301.49,133.38,199.0,180.5,190.41,199.18,292.9
154.89,300.18,136.78,197.85,183.64,189.56,201.75,291.88
157.72,298.86,140.18,196.7,186.78,188.7,204.32,290.86
160.55,297.55,143.59,195.55,189.92,187.85,206.88,289.84
163.39,296.23,146.99,194.41,193.05,186.99,209.45,288.81
166.23,294.92,150.39,193.27,196.18,186.14,212.02,287.78
169.07,293.6,153.79,192.14,199.31,185.29,214.59,286.75
171.91,292.28,157.2,191.0,202.44,184.43,217.15,285.71
174.75,290.97,160.6,189.88,205.57,183.58,219.72,284.67
177.6,289.65,164.0,188.75,208.69,182.73,222.29,283.63
180.45,288.34,167.4,187.62,211.81,181.87,224.86,282.59
183.29,287.02,170.8,186.5,214.94,181.02,227.43,281.54
186.15,285.71,174.2,185.39,218.05,180.16,230.0,280.49
189.0,284.39,177.6,184.27,221.17,179.31,232.57,279.43
191.86,283.08,181.0,183.16,224.28,178.46,235.14,278.37
194.71,281.76,184.4,182.05,227.4,177.6,237.71,277.31
197.57,280.45,187.8,180.95,230.51,176.75,240.28,276.25
200.43,279.13,191.2,179.84,233.62,175.9,242.85,275.18
203.3,277.82,194.59,178.74,236.72,175.04,245.43,274.12
206.16,276.5,197.99,177.65,239.83,174.19,248.0,273.04
209.03,275.19,201.39,176.55,242.93,173.33,250.57,271.97
210.17,274.71,203.01,175.77,244.53,172.77,251.68,271.71
211.3,274.24,204.64,174.99,246.13,172.21,252.79,271.46
212.44,273.77,206.27,174.22,247.73,171.65,253.9,271.2
213.57,273.29,207.91,173.44,249.33,171.09,255.0,270.94
214.71,272.82,209.54,172.66,250.93,170.53,256.1,270.68
215.84,272.34,211.18,171.89,252.54,169.97,257.2,270.42
216.97,271.86,212.82,171.12,254.14,169.41,258.3,270.16
218.1,271.38,214.46,170.35,255.74,168.86,259.39,269.89
219.24,270.9,216.1,169.58,257.35,168.3,260.48,269.63
220.36,270.42,217.75,168.81,258.96,167.75,261.57,269.36
221.49,269.94,219.39,168.05,260.56,167.2,262.66,269.09
222.62,269.46,221.04,167.28,262.17,166.65,263.75,268.82
223.75,268.97,222.69,166.52,263.78,166.1,264.84,268.55
224.87,268.49,224.35,165.76,265.39,165.55,265.92,268.28
226.0,268.0,226.0,165.0,267.0,165.0,267.0,268.0
227.95,267.65,227.95,164.63,268.9,164.63,268.9,267.65
229.91,267.31,229.91,164.27,270.79,164.27,270.79,267.31
231.86,266.96,231.86,163.9,272.69,163.9,272.69,266.96
233.82,266.61,233.82,163.53,274.58,163.53,274.58,266.61
235.77,266.27,235.77,163.17,276.48,163.17,276.48,266.27
237.72,265.92,237.72,162.8,278.38,162.8,278.38,265.92
239.68,265.58,239.68,162.43,280.27,162.43,280.27,265.58
241.63,265.23,241.63,162.07,282.17,162.07,282.17,265.23
243.58,264.88,243.58,161.7,284.07,161.7,284.07,264.88
245.54,264.54,245.54,161.33,285.96,161.33,285.96,264.54
247.49,264.19,247.49,160.97,287.86,160.97,287.86,264.19
249.45,263.84,249.45,160.6,289.75,160.6,289.75,263.84
251.4,263.5,251.4,160.23,291.65,160.23,291.65,263.5
253.35,263.15,253.35,159.87,293.55,159.87,293.55,263.15
255.31,262.8,255.31,159.5,295.44,159.5,295.44,262.8
257.26,262.46,257.26,159.13,297.34,159.13,297.34,262.46
259.22,262.11,259.22,158.77,299.23,158.77,299.23,262.11
261.17,261.77,261.17,158.4,301.13,158.4,301.13,261.77
263.12,261.42,263.12,158.03,303.03,158.03,303.03,261.42
265.08,261.07,265.08,157.67,304.92,157.67,304.92,261.07
267.03,260.73,267.03,157.3,306.82,157.3,306.82,260.73
268.98,260.38,268.98,156.93,308.72,156.93,308.72,260.38
270.94,260.03,270.94,156.57,310.61,156.57,310.61,260.03
272.89,259.69,272.89,156.2,312.51,156.2,312.51,259.69
274.85,259.34,274.85,155.83,314.4,155.83,314.4,259.34
276.8,258.99,276.8,155.46,316.3,155.46,316.3,258.99
277.02,258.42,277.02,154.87,316.46,154.87,316.46,258.42
277.25,257.84,277.25,154.27,316.63,154.27,316.63,257.84
277.47,257.27,277.47,153.67,316.79,153.67,316.79,257.27
277.69,256.69,277.69,153.08,316.96,153.08,316.96,256.69
277.91,256.11,277.91,152.48,317.12,152.48,317.12,256.11
278.14,255.54,278.14,151.88,317.29,151.88,317.29,255.54
278.36,254.96,278.36,151.28,317.45,151.28,317.45,254.96
278.58,254.38,278.58,150.69,317.62,150.69,317.62,254.38
278.8,253.81,278.8,150.09,317.79,150.09,317.79,253.81
279.03,253.23,279.03,149.49,317.95,149.49,317.95,253.23
279.25,252.65,279.25,148.89,318.11,148.89,318.11,252.65
279.47,252.08,279.47,148.3,318.28,148.3,318.28,252.08
279.7,251.5,279.7,147.7,318.45,147.7,318.45,251.5
279.64,252.39,279.64,148.11,318.38,148.11,318.38,252.39
279.58,253.28,279.58,148.51,318.31,148.51,318.31,253.28
279.53,254.16,279.53,148.92,318.25,148.92,318.25,254.16
279.47,255.05,279.47,149.32,318.18,149.32,318.18,255.05
279.42,255.94,279.42,149.73,318.12,149.73,318.12,255.94
279.36,256.83,279.36,150.14,318.05,150.14,318.05,256.83
279.31,257.71,279.31,150.54,317.99,150.54,317.99,257.71
279.25,258.6,279.25,150.95,317.92,150.95,317.92,258.6
279.19,259.49,279.19,151.35,317.85,151.35,317.85,259.49
279.14,260.38,279.14,151.76,317.79,151.76,317.79,260.38
279.08,261.26,279.08,152.17,317.72,152.17,317.72,261.26
279.03,262.15,279.03,152.57,317.66,152.57,317.66,262.15
278.97,263.04,278.97,152.98,317.59,152.98,317.59,263.04
278.92,263.93,278.92,153.39,317.53,153.39,317.53,263.93
278.86,264.81,278.86,153.79,317.46,153.79,317.46,264.81
278.8,265.7,278.8,154.2,317.4,154.2,317.4,265.7
278.75,266.59,278.75,154.6,317.33,154.6,317.33,266.59
278.69,267.48,278.69,155.01,317.26,155.01,317.26,267.48
278.64,268.37,278.64,155.42,317.2,155.42,317.2,268.37
278.58,269.25,278.58,155.82,317.13,155.82,317.13,269.25
278.53,270.14,278.53,156.23,317.07,156.23,317.07,270.14
278.47,271.03,278.47,156.63,317.0,156.63,317.0,271.03
278.42,271.92,278.42,157.04,316.94,157.04,316.94,271.92
278.36,272.8,278.36,157.45,316.87,157.45,316.87,272.8
278.3,273.69,278.3,157.85,316.8,157.85,316.8,273.69
278.25,274.58,278.25,158.26,316.74,158.26,316.74,274.58
278.19,275.47,278.19,158.66,316.67,158.66,316.67,275.47
278.14,276.35,278.14,159.07,316.61,159.07,316.61,276.35
278.08,277.24,278.08,159.48,316.54,159.48,316.54,277.24
278.03,278.13,278.03,159.88,316.48,159.88,316.48,278.13
277.97,279.02,277.97,160.29,316.41,160.29,316.41,279.02
277.92,279.9,277.92,160.7,316.35,160.7,316.35,279.9
276.71,280.09,276.71,162.79,314.57,162.79,314.57,280.09
275.51,280.27,275.51,164.89,312.78,164.89,312.78,280.27
274.3,280.46,274.3,166.98,311.01,166.98,311.01,280.46
273.1,280.64,273.1,169.07,309.23,169.08,309.23,280.65
272.08,281.39,272.08,169.11,308.01,169.11,308.01,281.39
271.06,282.14,271.06,169.14,306.79,169.14,306.79,282.14
270.05,282.89,270.05,169.18,305.57,169.18,305.57,282.89
269.03,283.64,269.03,169.21,304.36,169.21,304.36,283.64
268.02,284.39,268.02,169.25,303.14,169.25,303.14,284.39
267.0,285.13,267.0,169.28,301.92,169.28,301.92,285.13
265.99,285.88,265.99,169.32,300.71,169.32,300.71,285.88
264.97,286.63,264.97,169.35,299.49,169.35,299.49,286.63
261.85,287.97,261.85,170.85,297.4,170.85,297.4,287.97
258.73,289.31,258.73,172.35,295.32,172.35,295.32,289.31
255.61,290.65,255.61,173.85,293.23,173.85,293.23,290.65
252.49,291.99,252.49,175.35,291.15,175.35,291.15,291.99
249.37,293.32,249.37,176.84,289.07,176.84,289.07,293.32
246.25,294.66,246.25,178.34,286.98,178.34,286.98,294.66
243.13,296.0,243.13,179.84,284.89,179.84,284.89,296.0
240.01,297.34,240.01,181.34,282.81,181.34,282.81,297.34
236.89,298.68,236.89,182.84,280.73,182.84,280.73,298.68
238.94,299.11,238.94,182.93,278.03,182.93,278.03,299.11
240.99,299.54,240.99,183.02,275.33,183.02,275.33,299.54
238.55,299.91,238.55,183.17,273.35,183.17,273.35,299.91
236.1,300.27,236.1,183.33,271.37,183.33,271.37,300.27
233.66,300.64,233.66,183.48,269.39,183.48,269.39,300.64
231.22,301.0,231.22,183.64,267.41,183.64,267.41,301.0
228.78,301.37,228.78,183.79,265.43,183.79,265.43,301.37
226.33,301.73,226.33,183.95,263.45,183.95,263.45,301.73
223.89,302.1,223.89,184.1,261.46,184.1,261.46,302.1
221.45,302.46,221.45,184.26,259.48,184.26,259.48,302.46
219.01,302.83,219.01,184.41,257.5,184.41,257.5,302.83
216.57,303.19,216.57,184.57,255.52,184.57,255.52,303.19
214.12,303.56,214.12,184.72,253.54,184.72,253.54,303.56
211.68,303.92,211.68,184.88,251.56,184.88,251.56,303.92
209.51,303.83,209.51,185.49,250.4,185.49,250.4,303.83
207.34,303.74,207.34,186.1,249.25,186.1,249.25,303.74
205.18,303.65,205.18,186.71,248.09,186.71,248.09,303.65
203.01,303.55,203.01,187.32,246.94,187.33,246.94,303.55
200.84,303.46,200.84,187.94,245.78,187.94,245.78,303.46
198.67,303.37,198.67,188.55,244.62,188.55,244.62,303.37
196.5,303.28,196.5,189.16,243.47,189.16,243.47,303.28
194.34,303.18,194.34,189.77,242.31,189.77,242.31,303.18
192.17,303.09,192.17,190.39,241.16,190.39,241.16,303.09
190.0,303.0,190.0,191.0,240.0,191.0,240.0,303.0
189.8,303.37,189.8,190.52,239.48,190.52,239.48,303.37
189.59,303.74,189.59,190.04,238.96,190.04,238.96,303.74
189.39,304.12,189.39,189.55,238.44,189.55,238.44,304.12
189.18,304.49,189.18,189.07,237.93,189.07,237.93,304.49
188.98,304.86,188.98,188.59,237.41,188.59,237.41,304.86
188.78,305.23,188.78,188.11,236.89,188.11,236.89,305.23
188.57,305.61,188.57,187.63,236.37,187.63,236.37,305.61
188.37,305.98,188.37,187.15,235.85,187.15,235.85,305.98
188.16,306.35,188.16,186.66,235.33,186.66,235.33,306.35
187.96,306.72,187.96,186.18,234.82,186.18,234.82,306.72
187.75,307.09,187.75,185.7,234.3,185.7,234.3,307.09
187.55,307.47,187.55,185.22,233.78,185.22,233.78,307.47
187.35,307.84,187.35,184.74,233.26,184.74,233.26,307.84
187.14,308.21,187.14,184.26,232.74,184.26,232.74,308.21
186.94,308.58,186.94,183.77,232.22,183.77,232.22,308.58
186.73,308.95,186.73,183.29,231.7,183.29,231.7,308.95
186.53,309.33,186.53,182.81,231.19,182.81,231.19,309.33
186.33,309.7,186.33,182.33,230.67,182.33,230.67,309.7
186.12,310.07,186.12,181.85,230.15,181.85,230.15,310.07
185.92,310.44,185.92,181.37,229.63,181.37,229.63,310.44
185.71,310.82,185.71,180.88,229.11,180.88,229.11,310.82
185.51,311.19,185.51,180.4,228.59,180.4,228.59,311.19
185.31,311.56,185.31,179.92,228.07,179.92,228.07,311.56
185.07,312.24,185.07,180.34,227.7,180.34,227.7,312.24
184.84,312.91,184.84,180.76,227.32,180.76,227.32,312.91
184.61,313.59,184.61,181.17,226.95,181.17,226.95,313.59
184.38,314.26,184.38,181.59,226.57,181.59,226.57,314.26
184.15,314.93,184.15,182.01,226.2,182.01,226.2,314.93
183.91,315.61,183.91,182.43,225.82,182.43,225.82,315.61
183.68,316.29,183.68,182.84,225.45,182.84,225.45,316.29
183.45,316.96,183.45,183.26,225.07,183.26,225.07,316.96
181.34,318.01,181.34,184.05,222.82,184.05,222.82,318.01
179.24,319.06,179.24,184.84,220.57,184.84,220.57,319.06
177.13,320.11,177.13,185.64,218.32,185.64,218.32,320.11
175.03,321.16,175.03,186.43,216.07,186.43,216.07,321.16
172.92,322.21,172.92,187.22,213.82,187.22,213.82,322.21
170.81,323.26,170.81,188.01,211.57,188.01,211.57,323.26
168.71,324.31,168.71,188.81,209.32,188.81,209.32,324.31
166.6,325.36,166.6,189.6,207.07,189.6,207.07,325.36
164.5,326.41,164.5,190.39,204.82,190.39,204.82,326.41
162.39,327.46,162.39,191.18,202.57,191.18,202.57,327.46
160.28,328.51,160.28,191.97,200.32,191.97,200.32,328.51
158.18,329.56,158.18,192.77,198.07,192.77,198.07,329.56
156.07,330.61,156.07,193.56,195.82,193.56,195.82,330.61
153.97,331.66,153.97,194.35,193.57,194.35,193.57,331.66
151.86,332.71,151.86,195.14,191.32,195.14,191.32,332.71
149.76,333.77,149.76,195.93,189.07,195.93,189.07,333.77
146.81,333.53,148.91,196.14,188.45,196.74,186.35,334.14
143.89,333.28,148.07,196.36,187.82,197.57,183.64,334.5
140.97,333.01,147.22,196.59,187.19,198.42,180.93,334.84
138.06,332.72,146.37,196.83,186.54,199.29,178.23,335.18
135.17,332.41,145.52,197.09,185.88,200.18,175.52,335.5
132.29,332.08,144.67,197.36,185.2,201.08,172.82,335.81
129.42,331.74,143.81,197.64,184.51,202.0,170.12,336.11
126.57,331.38,142.95,197.93,183.81,202.94,167.43,336.39
126.89,331.95,141.92,198.35,182.85,202.95,167.83,336.55
127.22,332.51,140.88,198.77,181.89,202.96,168.22,336.7
127.55,333.07,139.85,199.2,180.92,202.98,168.62,336.85
127.88,333.63,138.82,199.64,179.95,203.0,169.01,336.98
128.22,334.17,137.79,200.09,178.97,203.03,169.4,337.11
128.55,334.71,136.76,200.55,178.0,203.07,169.79,337.23
128.89,335.24,135.73,201.01,177.02,203.11,170.18,337.35
129.24,335.77,134.71,201.48,176.04,203.16,170.57,337.45
129.58,336.29,133.69,201.96,175.05,203.22,170.95,337.55
129.93,336.8,132.66,202.44,174.07,203.28,171.33,337.65
130.28,337.31,131.65,202.93,173.08,203.35,171.71,337.73
130.63,337.81,130.63,203.43,172.09,203.43,172.09,337.81
131.41,337.94,131.41,203.67,172.66,203.67,172.66,337.94
132.19,338.06,132.19,203.9,173.24,203.9,173.24,338.06
132.97,338.19,132.97,204.14,173.81,204.14,173.81,338.19
133.75,338.31,133.75,204.37,174.38,204.37,174.38,338.31
134.53,338.44,134.53,204.61,174.96,204.61,174.96,338.44
135.3,338.56,135.3,204.85,175.53,204.85,175.53,338.56
136.08,338.69,136.08,205.08,176.1,205.08,176.1,338.69
136.86,338.81,136.86,205.32,176.68,205.32,176.68,338.81
137.64,338.94,137.64,205.55,177.25,205.55,177.25,338.94
138.42,339.06,138.42,205.79,177.82,205.79,177.82,339.06
139.2,339.19,139.2,206.03,178.4,206.03,178.4,339.19
139.98,339.31,139.98,206.26,178.97,206.26,178.97,339.31
140.76,339.44,140.76,206.5,179.54,206.5,179.54,339.44
141.54,339.56,141.54,206.73,180.12,206.73,180.12,339.56
142.32,339.69,142.32,206.97,180.69,206.97,180.69,339.69
143.1,339.82,143.1,207.21,181.26,207.21,181.26,339.82
142.85,339.98,142.85,207.56,180.83,207.56,180.83,339.98
142.6,340.14,142.6,207.91,180.39,207.91,180.39,340.14
142.35,340.3,142.35,208.26,179.95,208.26,179.95,340.3
142.1,340.47,142.1,208.62,179.52,208.62,179.52,340.47
141.86,340.63,141.86,208.97,179.08,208.97,179.08,340.63
141.61,340.79,141.61,209.32,178.64,209.32,178.64,340.79
141.36,340.95,141.36,209.67,178.21,209.67,178.21,340.95
141.11,341.12,141.11,210.03,177.77,210.03,177.77,341.12
140.87,341.28,140.87,210.38,177.33,210.38,177.33,341.28
140.62,341.44,140.62,210.73,176.9,210.73,176.9,341.44
140.37,341.6,140.37,211.08,176.46,211.08,176.46,341.6
140.12,341.77,140.12,211.44,176.02,211.44,176.02,341.77
139.88,341.93,139.88,211.79,175.58,211.79,175.58,341.93
140.32,342.2,140.32,212.18,176.2,212.18,176.2,342.2
140.76,342.47,140.76,212.57,176.81,212.57,176.81,342.47
141.2,342.74,141.2,212.96,177.42,212.96,177.42,342.74
141.64,343.01,141.64,213.35,178.04,213.35,178.04,343.01
142.09,343.28,142.09,213.74,178.65,213.74,178.65,343.28
142.53,343.55,142.53,214.13,179.26,214.13,179.26,343.55
142.97,343.82,142.97,214.52,179.87,214.52,179.87,343.82
143.41,344.08,143.41,214.92,180.49,214.92,180.49,344.08
143.86,344.35,143.86,215.31,181.1,215.31,181.1,344.35
144.3,344.62,144.3,215.7,181.71,215.7,181.71,344.62
144.74,344.89,144.74,216.09,182.33,216.09,182.33,344.89
145.18,345.16,145.18,216.48,182.94,216.48,182.94,345.16
145.63,345.43,145.63,216.87,183.55,216.87,183.55,345.43
146.07,345.7,146.07,217.26,184.16,217.26,184.16,345.7
146.51,345.97,146.51,217.65,184.78,217.65,184.78,345.97
146.95,346.24,146.95,218.04,185.39,218.04,185.39,346.24
147.4,346.51,147.4,218.43,186.0,218.43,186.0,346.51
147.84,346.78,147.84,218.82,186.61,218.82,186.61,346.78
148.28,347.05,148.28,219.21,187.23,219.21,187.23,347.05
148.72,347.32,148.72,219.6,187.84,219.6,187.84,347.32
149.17,347.59,149.17,219.99,188.45,219.99,188.45,347.59
149.61,347.85,149.61,220.39,189.07,220.39,189.07,347.85
150.05,348.12,150.05,220.78,189.68,220.78,189.68,348.12
150.49,348.39,150.49,221.17,190.29,221.17,190.29,348.39
150.94,348.66,150.94,221.56,190.9,221.56,190.9,348.66
151.38,348.93,151.38,221.95,191.52,221.95,191.52,348.93
151.82,349.2,151.82,222.34,192.13,222.34,192.13,349.2
152.26,349.47,152.26,222.73,192.74,222.73,192.74,349.47
152.71,349.74,152.71,223.12,193.35,223.12,193.35,349.74
152.44,349.4,152.44,223.11,193.66,223.11,193.66,349.4
152.17,349.07,152.17,223.09,193.97,223.09,193.97,349.07
151.91,348.73,151.91,223.08,194.28,223.08,194.28,348.73
151.64,348.39,151.64,223.07,194.59,223.07,194.59,348.39
151.38,348.05,151.38,223.05,194.9,223.05,194.9,348.05
151.11,347.72,151.11,223.04,195.21,223.04,195.21,347.72
150.85,347.38,150.85,223.03,195.52,223.03,195.52,347.38
150.58,347.04,150.58,223.01,195.83,223.01,195.83,347.04
150.31,346.7,150.31,223.0,196.14,223.0,196.14,346.7
150.05,346.37,150.05,222.99,196.45,222.99,196.45,346.37
149.78,346.03,149.78,222.97,196.76,222.97,196.76,346.03
149.52,345.69,149.52,222.96,197.07,222.96,197.07,345.69
149.25,345.35,149.25,222.95,197.38,222.95,197.38,345.35
148.99,345.02,148.99,222.93,197.69,222.93,197.69,345.02
148.72,344.68,148.72,222.92,198.0,222.92,198.0,344.68
149.04,344.5,149.95,222.56,199.34,222.93,198.43,344.87
149.36,344.32,151.19,222.21,200.68,222.95,198.85,345.06
149.68,344.14,152.43,221.86,202.02,222.97,199.27,345.25
150.0,343.95,153.67,221.51,203.36,223.0,199.69,345.44
150.33,343.76,154.91,221.16,204.69,223.03,200.11,345.62
150.65,343.56,156.16,220.82,206.03,223.06,200.52,345.8
150.97,343.36,157.41,220.48,207.37,223.1,200.93,345.98
151.29,343.16,158.66,220.14,208.71,223.14,201.34,346.15
151.61,342.95,159.92,219.81,210.05,223.19,201.74,346.33
151.94,342.73,161.17,219.48,211.38,223.24,202.15,346.5
152.26,342.51,162.43,219.15,212.72,223.29,202.55,346.66
152.58,342.29,163.7,218.82,214.06,223.35,202.94,346.83
152.91,342.07,164.96,218.5,215.39,223.42,203.34,346.99
153.23,341.84,166.23,218.18,216.73,223.48,203.73,347.14
153.77,342.29,166.34,218.53,216.68,223.64,204.11,347.41
154.31,342.75,166.46,218.88,216.64,223.8,204.49,347.67
154.85,343.21,166.57,219.23,216.59,223.96,204.87,347.93
155.4,343.66,166.69,219.58,216.54,224.12,205.25,348.2
155.94,344.11,166.8,219.93,216.49,224.28,205.63,348.46
156.48,344.56,166.92,220.28,216.44,224.44,206.0,348.72
157.03,345.01,167.04,220.63,216.39,224.6,206.38,348.98
157.57,345.46,167.15,220.99,216.34,224.77,206.76,349.25
158.12,345.91,167.27,221.34,216.29,224.94,207.14,349.51
158.67,346.35,167.38,221.69,216.23,225.11,207.52,349.77
161.04,347.14,168.72,221.66,217.34,224.63,209.67,350.11
163.43,347.92,170.05,221.63,218.44,224.16,211.82,350.45
165.82,348.69,171.37,221.6,219.53,223.7,213.98,350.79
168.23,349.45,172.69,221.58,220.61,223.25,216.15,351.12
170.64,350.21,174.01,221.56,221.69,222.8,218.32,351.45
173.06,350.96,175.32,221.54,222.75,222.36,220.49,351.78
175.49,351.7,176.62,221.52,223.81,221.93,222.67,352.11
177.93,352.43,177.93,221.51,224.85,221.51,224.85,352.43
179.85,351.65,179.85,221.18,226.61,221.18,226.61,351.65
181.78,350.87,181.78,220.85,228.36,220.85,228.36,350.87
183.7,350.08,183.7,220.52,230.11,220.52,230.11,350.08
185.62,349.3,185.62,220.19,231.86,220.19,231.86,349.3
187.55,348.52,187.55,219.86,233.61,219.86,233.61,348.52
189.48,347.73,189.48,219.53,235.36,219.53,235.36,347.73
191.4,346.95,191.4,219.2,237.11,219.2,237.11,346.95
193.32,346.16,193.32,218.87,238.86,218.87,238.86,346.16
195.25,345.38,195.25,218.54,240.61,218.54,240.61,345.38
197.18,344.6,197.18,218.22,242.36,218.22,242.36,344.6
199.1,343.81,199.1,217.89,244.11,217.89,244.11,343.81
201.03,343.03,201.03,217.56,245.86,217.56,245.86,343.03
202.95,342.24,202.95,217.23,247.61,217.23,247.61,342.24
204.88,341.46,204.88,216.9,249.36,216.9,249.36,341.46
207.81,341.28,208.24,217.18,252.56,217.33,252.12,341.44
210.74,341.11,211.61,217.46,255.75,217.77,254.88,341.42
213.68,340.93,214.97,217.74,258.93,218.2,257.64,341.39
216.62,340.75,218.33,218.03,262.12,218.64,260.41,341.37
219.56,340.58,221.69,218.31,265.3,219.07,263.17,341.34
222.5,340.4,225.05,218.6,268.49,219.51,265.93,341.31
225.44,340.22,228.41,218.89,271.67,219.94,268.7,341.28
228.39,340.05,231.76,219.17,274.84,220.38,271.47,341.25
231.33,339.87,235.12,219.46,278.02,220.81,274.24,341.22
234.28,339.69,238.47,219.76,281.2,221.25,277.01,341.18
240.39,339.51,244.44,220.02,286.99,221.47,282.94,340.95
246.5,339.33,250.4,220.29,292.78,221.68,288.88,340.72
252.6,339.15,256.37,220.56,298.58,221.9,294.81,340.49
258.71,338.97,262.34,220.83,304.37,222.12,300.74,340.26
264.82,338.79,268.3,221.1,310.16,222.34,306.68,340.03
270.92,338.6,274.27,221.37,315.96,222.56,312.61,339.8
277.03,338.42,280.24,221.64,321.75,222.78,318.54,339.56
283.13,338.24,286.21,221.91,327.55,223.0,324.47,339.33
289.23,338.06,292.18,222.18,333.35,223.22,330.4,339.1
295.34,337.87,298.15,222.44,339.14,223.44,336.33,338.87
301.44,337.69,304.12,222.71,344.94,223.66,342.26,338.64
307.54,337.51,310.09,222.98,350.74,223.88,348.19,338.41
313.64,337.32,316.06,223.25,356.54,224.11,354.12,338.18
319.75,337.14,322.03,223.52,362.33,224.33,360.05,337.95
325.85,336.95,328.0,223.79,368.13,224.55,365.98,337.72
331.95,336.77,333.98,224.05,373.93,224.77,371.9,337.49
338.05,336.59,339.95,224.32,379.73,224.99,377.83,337.26
348.88,336.22,350.66,224.4,390.27,225.03,388.49,336.85
359.71,335.85,361.36,224.49,400.8,225.07,399.15,336.43
370.54,335.48,372.07,224.57,411.33,225.11,409.8,336.02
381.37,335.11,382.78,224.66,421.87,225.15,420.46,335.6
385.46,336.24,386.74,226.24,425.65,226.69,424.37,336.69
389.54,337.37,390.7,227.82,429.44,228.23,428.28,337.78
396.85,337.37,395.99,228.28,434.56,227.97,435.42,337.06
404.17,337.35,401.3,228.75,439.68,227.73,442.55,336.33
411.48,337.31,406.62,229.23,444.8,227.51,449.66,335.59
418.79,337.24,411.95,229.73,449.92,227.32,456.76,334.83
426.09,337.16,417.3,230.25,455.05,227.14,463.84,334.05
428.49,335.65,417.77,229.37,455.28,225.59,466.0,331.87
430.89,334.12,418.26,228.51,455.51,224.06,468.14,329.67
429.01,334.76,415.88,225.98,456.93,221.02,470.05,329.81
427.13,335.41,413.5,223.45,458.34,217.99,471.97,329.95
425.25,336.05,411.11,220.92,459.75,214.95,473.89,330.08
421.7,333.16,408.27,218.0,456.54,212.37,469.97,327.53
418.16,330.27,405.43,215.09,453.32,209.79,466.06,324.98
414.61,327.38,402.59,212.18,450.11,207.21,462.14,322.42
411.07,324.49,399.74,209.27,446.9,204.63,458.22,319.85
407.53,321.6,396.9,206.37,443.68,202.06,454.3,317.29
403.99,318.71,394.07,203.47,440.46,199.48,450.38,314.71
400.45,315.82,391.23,200.58,437.24,196.9,446.46,312.14
396.91,312.93,388.39,197.69,434.02,194.32,442.54,309.55
393.38,310.04,385.55,194.81,430.8,191.74,438.62,306.97
389.84,307.15,382.72,191.93,427.58,189.16,434.7,304.38
386.3,304.26,379.88,189.06,424.36,186.58,430.78,301.78
381.49,303.68,375.82,188.6,420.32,186.41,425.98,301.49
376.67,303.09,371.76,188.14,416.27,186.23,421.19,301.19
371.86,302.51,367.7,187.68,412.23,186.06,416.39,300.9
367.05,301.92,363.64,187.22,408.19,185.9,411.59,300.59
362.24,301.33,359.58,186.77,404.14,185.73,406.8,300.29
360.14,300.73,358.22,186.32,402.79,185.57,404.71,299.99
358.03,300.14,356.86,185.87,401.44,185.41,402.61,299.68
355.93,299.54,355.5,185.43,400.08,185.26,400.52,299.37
353.84,298.94,354.13,184.99,398.72,185.1,398.43,299.05
353.1,297.39,353.39,183.88,397.81,183.99,397.51,297.51
352.36,295.85,352.65,182.77,396.89,182.88,396.6,295.96
351.62,294.31,351.91,181.65,395.97,181.77,395.68,294.42
350.89,292.76,351.16,180.54,395.05,180.65,394.77,292.87
350.15,291.22,350.42,179.43,394.13,179.54,393.86,291.33
349.41,289.67,349.68,178.32,393.21,178.43,392.94,289.78
348.67,288.13,348.94,177.21,392.29,177.31,392.03,288.23
347.93,286.59,348.2,176.1,391.37,176.2,391.11,286.69
347.2,285.04,347.45,174.99,390.46,175.09,390.2,285.14
346.46,283.5,346.71,173.88,389.54,173.98,389.29,283.6
345.72,281.96,345.97,172.77,388.62,172.86,388.37,282.05
345.16,282.07,345.4,172.79,388.22,172.88,387.98,282.16
344.59,282.18,344.83,172.81,387.83,172.9,387.59,282.27
344.03,282.29,344.27,172.83,387.43,172.92,387.19,282.38
343.46,282.4,343.7,172.85,387.04,172.94,386.8,282.49
342.9,282.51,343.13,172.87,386.64,172.96,386.41,282.6
342.34,282.62,342.56,172.89,386.24,172.98,386.02,282.71
341.77,282.73,342.0,172.91,385.85,173.0,385.62,282.82
341.21,282.84,341.43,172.93,385.45,173.02,385.23,282.93
340.64,282.95,340.86,172.95,385.06,173.04,384.84,283.04
340.08,283.07,340.3,172.97,384.66,173.05,384.44,283.15
339.51,283.18,339.73,172.99,384.27,173.07,384.05,283.26
338.95,283.29,339.16,173.01,383.87,173.09,383.66,283.37
337.7,283.4,337.9,173.28,382.62,173.37,382.41,283.49
336.44,283.52,336.64,173.56,381.36,173.64,381.16,283.6
335.19,283.63,335.38,173.83,380.11,173.91,379.91,283.71
333.93,283.75,334.13,174.11,378.86,174.18,378.67,283.83
332.68,283.86,332.87,174.38,377.61,174.46,377.42,283.94
331.42,283.98,331.61,174.66,376.35,174.73,376.17,284.05
330.17,284.09,330.35,174.93,375.1,175.0,374.92,284.17
328.92,284.21,329.09,175.21,373.85,175.28,373.67,284.28
327.66,284.32,327.83,175.48,372.59,175.55,372.43,284.39
326.41,284.44,326.57,175.75,371.34,175.82,371.18,284.51
325.15,284.56,325.31,176.03,370.09,176.09,369.93,284.62
323.9,284.67,324.05,176.3,368.84,176.37,368.68,284.73
322.65,284.79,322.8,176.58,367.58,176.64,367.43,284.85
321.39,284.9,321.54,176.85,366.33,176.91,366.18,284.96
320.14,285.02,320.28,177.13,365.08,177.19,364.94,285.08
318.88,285.13,319.02,177.4,363.82,177.46,363.69,285.19
317.63,285.25,317.76,177.68,362.57,177.73,362.44,285.3
316.18,285.66,316.31,177.73,361.33,177.78,361.21,285.72
314.73,286.08,314.85,177.77,360.1,177.83,359.97,286.13
313.28,286.49,313.4,177.82,358.86,177.87,358.74,286.54
311.83,286.91,311.95,177.87,357.62,177.92,357.5,286.96
310.38,287.32,310.49,177.92,356.38,177.97,356.27,287.37
308.93,287.74,309.04,177.97,355.15,178.01,355.04,287.79
307.48,288.16,307.59,178.01,353.91,178.06,353.8,288.2
306.03,288.57,306.13,178.06,352.67,178.11,352.57,288.61
304.58,288.99,304.68,178.11,351.43,178.15,351.33,289.03
303.13,289.4,303.23,178.16,350.19,178.2,350.1,289.44
301.68,289.82,301.77,178.21,348.96,178.25,348.87,289.86
300.23,290.23,300.32,178.25,347.72,178.29,347.63,290.27
298.78,290.65,298.87,178.3,346.48,178.34,346.4,290.68
297.33,291.06,297.41,178.35,345.24,178.39,345.16,291.1
295.88,291.48,295.96,178.4,344.01,178.43,343.93,291.51
294.43,291.9,294.51,178.45,342.77,178.48,342.7,291.93
292.98,292.31,293.05,178.5,341.53,178.52,341.46,292.34
291.53,292.73,291.6,178.54,340.29,178.57,340.23,292.75
290.09,293.14,290.15,178.59,339.05,178.62,338.99,293.17
290.02,291.95,290.07,178.18,338.74,178.2,338.68,291.97
289.95,290.75,290.0,177.77,338.42,177.79,338.37,290.77
289.88,289.55,289.93,177.36,338.11,177.38,338.06,289.57
289.81,288.36,289.86,176.94,337.79,176.96,337.75,288.38
289.75,287.16,289.79,176.53,337.47,176.55,337.43,287.18
289.68,285.96,289.71,176.12,337.16,176.14,337.12,285.98
289.61,284.77,289.64,175.71,336.84,175.72,336.81,284.78
289.54,283.57,289.57,175.3,336.53,175.31,336.5,283.58
289.48,282.37,289.5,174.88,336.21,174.9,336.19,282.39
289.41,281.18,289.43,174.47,335.89,174.48,335.87,281.19
289.34,279.98,289.36,174.06,335.58,174.07,335.56,279.99
289.27,278.79,289.29,173.65,335.26,173.65,335.25,278.79
289.2,277.59,289.21,173.24,334.95,173.24,334.94,277.59
289.14,276.39,289.14,172.82,334.63,172.83,334.62,276.4
289.07,275.2,289.07,172.41,334.32,172.41,334.31,275.2
289.0,274.0,289.0,172.0,334.0,172.0,334.0,274.0
289.09,273.99,290.07,171.32,335.1,171.75,334.12,274.41
289.18,273.97,291.15,170.64,336.21,171.5,334.24,274.83
289.27,273.94,292.24,169.97,337.32,171.26,334.35,275.23
289.35,273.91,293.34,169.3,338.43,171.02,334.45,275.63
289.43,273.88,294.44,168.64,339.55,170.78,334.54,276.03
289.5,273.84,295.56,167.98,340.67,170.56,334.62,276.42
289.57,273.79,296.68,167.32,341.8,170.33,334.7,276.81
289.64,273.74,297.81,166.67,342.93,170.12,334.76,277.19
289.7,273.69,298.95,166.03,344.07,169.91,334.82,277.56
289.76,273.63,300.09,165.39,345.21,169.7,334.87,277.93
289.81,273.56,301.25,164.76,346.35,169.5,334.91,278.3
292.29,272.96,302.97,164.49,347.83,168.91,337.15,277.38
294.76,272.36,304.7,164.22,349.31,168.32,339.38,276.46
297.24,271.76,306.43,163.95,350.8,167.74,341.6,275.54
299.71,271.15,308.17,163.69,352.28,167.16,343.82,274.62
302.18,270.54,309.9,163.42,353.77,166.58,346.04,273.7
304.65,269.92,311.65,163.15,355.26,166.01,348.26,272.78
307.12,269.3,313.39,162.89,356.75,165.45,350.47,271.86
309.58,268.68,315.14,162.63,358.24,164.88,352.68,270.93
312.05,268.05,316.89,162.36,359.73,164.33,354.88,270.01
314.51,267.41,318.65,162.1,361.22,163.77,357.09,269.09
316.97,266.77,320.41,161.84,362.72,163.22,359.28,268.16
319.43,266.13,322.17,161.58,364.22,162.68,361.48,267.23
321.89,265.49,323.94,161.32,365.71,162.14,363.67,266.31
324.35,264.84,325.71,161.05,367.21,161.6,365.86,265.38
326.81,264.18,327.48,160.79,368.72,161.06,368.04,264.45
329.26,263.52,329.26,160.54,370.22,160.54,370.22,263.52
331.85,264.15,329.3,159.96,369.62,158.97,372.17,263.16
334.48,264.73,329.33,159.39,368.99,157.45,374.14,262.79
337.15,265.26,329.34,158.85,368.31,155.98,376.13,262.39
339.86,265.73,329.33,158.32,367.6,154.57,378.13,261.98
341.36,263.66,328.06,155.31,365.6,150.7,378.9,259.05
342.89,261.54,326.76,152.32,363.56,146.89,379.69,256.11
344.46,259.36,325.46,149.35,361.49,143.13,380.49,253.14
346.06,257.13,324.13,146.4,359.39,139.42,381.31,250.15
347.69,254.84,322.79,143.48,357.26,135.77,382.15,247.14
349.34,252.5,321.44,140.57,355.1,132.18,383.0,244.11
347.12,254.47,321.66,142.05,355.74,134.33,381.2,246.75
344.89,256.41,321.89,143.55,356.38,136.52,379.38,249.38
342.67,258.32,322.13,145.06,357.01,138.74,377.55,251.99
340.45,260.19,322.38,146.6,357.64,140.99,375.71,254.58
338.24,262.03,322.64,148.15,358.27,143.27,373.87,257.15
336.04,263.83,322.92,149.73,358.89,145.59,372.01,259.69
333.84,265.6,323.2,151.33,359.5,147.95,370.14,262.22
331.65,267.34,323.49,152.94,360.11,150.33,368.27,264.73
329.46,269.04,323.78,154.58,360.7,152.75,366.38,267.21
327.29,270.72,324.09,156.24,361.29,155.2,364.49,269.68
327.94,271.08,324.28,157.5,361.32,156.31,364.99,269.89
328.59,271.44,324.47,158.77,361.35,157.42,365.48,270.09
329.24,271.81,324.66,160.03,361.39,158.53,365.97,270.3
329.89,272.16,324.86,161.29,361.43,159.64,366.45,270.51
330.53,272.52,325.07,162.56,361.47,160.75,366.93,270.71
331.16,272.88,325.27,163.82,361.51,161.86,367.4,270.92
331.8,273.23,325.48,165.09,361.56,162.98,367.87,271.13
332.43,273.59,325.7,166.35,361.61,164.1,368.34,271.33
333.05,273.94,325.92,167.61,361.67,165.22,368.8,271.54
333.68,274.29,326.15,168.88,361.73,166.34,369.26,271.75
334.3,274.64,326.38,170.14,361.79,167.46,369.71,271.95
334.91,274.99,326.61,171.41,361.86,168.58,370.16,272.16
335.53,275.33,326.85,172.67,361.93,169.71,370.61,272.37
336.13,275.68,327.09,173.94,362.0,170.83,371.05,272.57
336.74,276.02,327.33,175.2,362.08,171.96,371.49,272.78
337.33,279.53,328.46,177.74,363.07,174.72,371.94,276.51
337.91,283.04,329.59,180.28,364.07,177.49,372.39,280.24
338.49,286.54,330.74,182.82,365.08,180.25,372.83,283.97
339.07,290.05,331.88,185.37,366.09,183.02,373.27,287.7
339.64,293.55,333.04,187.91,367.1,185.79,373.7,291.42
340.2,297.06,334.2,190.47,368.12,188.55,374.12,295.14
340.76,300.56,335.36,193.02,369.14,191.32,374.54,298.86
341.32,304.06,336.54,195.57,370.17,194.09,374.95,302.58
341.87,307.56,337.72,198.13,371.2,196.86,375.35,306.29
342.41,311.06,338.9,200.69,372.24,199.63,375.75,310.0
342.95,314.56,340.09,203.26,373.29,202.4,376.14,313.71
343.49,318.06,341.29,205.82,374.33,205.18,376.53,317.42
344.01,319.26,340.97,206.9,374.1,206.01,377.14,318.37
344.53,320.46,340.65,207.99,373.87,206.84,377.75,319.31
345.05,321.65,340.33,209.07,373.64,207.68,378.35,320.25
345.58,322.84,340.01,210.16,373.4,208.51,378.96,321.19
346.1,324.03,339.69,211.26,373.16,209.35,379.57,322.13
346.63,325.22,339.37,212.36,372.92,210.2,380.18,323.06
347.16,326.4,339.05,213.46,372.68,211.04,380.79,323.98
347.7,327.58,338.74,214.56,372.44,211.89,381.4,324.91
348.23,328.76,338.42,215.67,372.19,212.74,382.0,325.83
347.88,328.36,338.75,215.34,373.03,212.57,382.16,325.59
347.54,327.95,339.09,215.0,373.86,212.4,382.31,325.35
347.19,327.54,339.43,214.66,374.7,212.23,382.46,325.11
346.85,327.12,339.76,214.32,375.53,212.08,382.62,324.88
346.51,326.7,340.1,213.98,376.36,211.92,382.77,324.64
346.17,326.28,340.44,213.64,377.19,211.77,382.92,324.41
345.83,325.85,340.77,213.3,378.02,211.63,383.08,324.18
345.49,325.41,341.11,212.96,378.85,211.49,383.23,323.94
345.45,324.78,341.29,212.65,378.67,211.26,382.84,323.39
345.42,324.14,341.46,212.33,378.49,211.02,382.45,322.83
345.39,323.51,341.63,212.02,378.31,210.79,382.06,322.27
345.35,322.87,341.81,211.71,378.12,210.56,381.67,321.72
345.32,322.24,341.98,211.41,377.94,210.32,381.28,321.16
345.29,321.61,342.16,211.1,377.76,210.09,380.89,320.6
345.26,320.97,342.33,210.79,377.57,209.85,380.5,320.04
345.23,320.34,342.5,210.48,377.39,209.62,380.11,319.48
345.2,319.71,342.67,210.18,377.2,209.38,379.73,318.91
345.17,319.08,342.84,209.87,377.02,209.15,379.34,318.35
345.14,318.45,343.01,209.57,376.83,208.91,378.95,317.79
345.11,317.82,343.18,209.27,376.64,208.67,378.57,317.22
345.08,317.19,343.35,208.97,376.45,208.44,378.18,316.66
345.06,316.56,343.52,208.66,376.26,208.2,377.8,316.09
345.03,315.93,343.69,208.36,376.07,207.96,377.41,315.53
345.01,315.3,343.86,208.06,375.88,207.72,377.03,314.96
344.98,314.67,344.02,207.76,375.69,207.48,376.65,314.39
344.96,314.05,344.19,207.47,375.5,207.24,376.26,313.82
344.93,313.42,344.36,207.17,375.31,207.0,375.88,313.25
344.59,313.17,344.03,206.9,374.94,206.73,375.49,313.01
344.24,312.93,343.71,206.62,374.57,206.47,375.1,312.77
343.89,312.68,343.38,206.35,374.21,206.2,374.72,312.53
343.54,312.43,343.06,206.07,373.84,205.93,374.33,312.29
343.2,312.19,342.73,205.8,373.47,205.66,373.94,312.05
342.85,311.94,342.41,205.52,373.1,205.4,373.55,311.81
342.5,311.69,342.08,205.25,372.74,205.13,373.16,311.57
342.16,311.45,341.76,204.98,372.37,204.86,372.77,311.33
341.81,311.2,341.43,204.7,372.0,204.59,372.38,311.09
341.46,310.95,341.1,204.43,371.64,204.33,371.99,310.85
341.12,310.71,340.78,204.15,371.27,204.06,371.61,310.61
340.77,310.46,340.45,203.88,370.9,203.79,371.22,310.37
340.42,310.21,340.13,203.61,370.54,203.52,370.83,310.13
340.07,309.97,339.8,203.33,370.17,203.25,370.44,309.89
339.73,309.72,339.48,203.06,369.8,202.99,370.05,309.65
339.38,309.48,339.15,202.78,369.43,202.72,369.66,309.41
339.03,309.23,338.83,202.51,369.07,202.45,369.27,309.17
338.74,308.62,335.04,201.93,365.57,200.87,369.27,307.56
338.47,307.96,331.27,201.42,362.06,199.34,369.25,305.88
338.21,307.26,327.52,200.98,358.53,197.86,369.21,304.14
337.96,306.5,323.8,200.6,354.99,196.43,369.15,302.33
337.72,305.7,320.1,200.29,351.43,195.05,369.06,300.46
337.5,304.85,316.42,200.04,347.87,193.71,368.95,298.52
337.28,303.94,312.77,199.85,344.3,192.43,368.8,296.52
337.07,302.99,309.16,199.73,340.72,191.2,368.63,294.46
336.86,301.99,305.58,199.66,337.14,190.01,368.42,292.34
