200.48,417.46,200.48,330.0,254.92,330.0,254.92,417.46
199.02,414.06,199.02,326.6,253.46,326.6,253.46,414.06
197.56,410.66,197.56,323.2,252.0,323.2,252.0,410.66
196.11,407.26,196.11,319.8,250.55,319.8,250.55,407.26
194.65,403.86,194.65,316.4,249.09,316.4,249.09,403.86
193.19,400.46,193.19,313.0,247.63,313.0,247.63,400.46
192.22,396.49,192.22,309.83,248.6,309.83,248.6,396.49
191.25,392.53,191.25,306.69,249.57,306.69,249.57,392.53
190.28,388.55,190.28,303.53,250.54,303.53,250.54,388.55
189.31,384.59,189.31,300.37,251.51,300.37,251.51,384.59
183.49,382.65,183.49,299.23,247.63,299.23,247.63,382.65
181.07,380.38,181.07,298.48,243.11,298.48,243.11,380.38
178.67,378.1,178.67,297.73,238.6,297.73,238.6,378.1
176.26,375.82,176.26,296.96,234.08,296.96,234.08,375.82
173.87,373.54,173.87,296.2,229.57,296.2,229.57,373.54
176.73,375.06,176.73,299.24,230.33,299.24,230.33,375.06
175.04,377.05,175.04,301.23,227.72,301.23,227.72,377.05
173.35,379.05,173.35,303.23,225.11,303.23,225.11,379.05
171.67,381.04,171.67,305.22,222.51,305.22,222.51,381.04
169.98,383.04,169.98,307.22,219.9,307.22,219.9,383.04
170.59,385.03,170.59,309.21,219.59,309.21,219.59,385.03
170.5,385.76,170.5,310.48,219.35,310.48,219.35,385.76
170.44,386.48,170.44,311.73,219.14,311.73,219.14,386.48
170.36,387.23,170.36,313.01,218.9,313.01,218.9,387.23
170.3,387.95,170.3,314.27,218.68,314.27,218.68,387.95
170.59,390.02,170.59,316.88,218.83,316.88,218.83,390.02
171.62,387.73,171.62,316.07,218.54,316.07,218.54,387.73
172.66,385.43,172.66,315.25,218.24,315.25,218.24,385.43
173.7,383.14,173.7,314.44,217.94,314.44,217.94,383.14
174.74,380.84,174.74,313.62,217.65,313.62,217.65,380.84
179.1,382.25,179.1,316.51,220.68,316.51,220.68,382.25
181.65,380.62,181.65,315.48,222.9,315.48,222.9,380.62
184.22,378.99,184.22,314.45,225.13,314.45,225.13,378.99
186.78,377.36,186.78,313.42,227.36,313.42,227.36,377.36
189.34,375.73,189.34,312.39,229.58,312.39,229.58,375.73
192.74,375.6,192.74,312.86,232.65,312.86,232.65,375.6
194.55,373.66,194.55,311.62,234.27,311.62,234.27,373.66
196.35,371.72,196.35,310.38,235.88,310.38,235.88,371.72
198.17,369.79,198.17,309.13,237.51,309.13,237.51,369.79
199.98,367.85,199.98,307.89,239.12,307.89,239.12,367.85
202.26,367.67,202.26,308.42,241.22,308.42,241.22,367.67
204.72,368.42,204.72,309.35,243.32,309.35,243.32,368.42
207.18,369.15,207.18,310.26,245.42,310.26,245.42,369.15
209.63,369.92,209.63,311.2,247.51,311.2,247.51,369.92
212.09,370.66,212.09,312.12,249.61,312.12,249.61,370.66
215.45,371.86,215.45,313.52,252.61,313.52,252.61,371.86
216.04,371.79,216.04,313.45,253.2,313.45,253.2,371.79
216.63,371.73,216.63,313.39,253.79,313.39,253.79,371.73
217.22,371.67,217.22,313.33,254.38,313.33,254.38,371.67
217.81,371.61,217.81,313.27,254.97,313.27,254.97,371.61
218.4,371.55,218.4,313.21,255.56,313.21,255.56,371.55
219.02,369.5,219.02,311.5,256.12,311.5,256.12,369.5
219.64,367.43,219.64,309.79,256.68,309.79,256.68,367.43
220.26,365.36,220.26,308.08,257.24,308.08,257.24,365.36
220.88,363.3,220.88,306.38,257.8,306.38,257.8,363.3
221.65,362.12,221.65,305.54,258.51,305.54,258.51,362.12
222.88,362.57,222.88,306.45,259.11,306.45,259.11,362.57
224.11,363.03,224.11,307.37,259.71,307.37,259.71,363.03
225.34,363.49,225.34,308.27,260.32,308.27,260.32,363.49
226.57,363.95,226.57,309.2,260.92,309.2,260.92,363.95
229.37,365.54,229.37,311.26,263.09,311.26,263.09,365.54
228.55,365.83,228.55,311.76,261.83,311.76,261.83,365.83
227.72,366.1,227.72,312.26,260.56,312.26,260.56,366.1
226.9,366.38,226.9,312.74,259.3,312.74,259.3,366.38
226.07,366.64,226.07,313.24,258.03,313.24,258.03,366.64
226.35,367.48,226.35,314.29,257.87,314.29,257.87,367.48
225.73,366.8,225.73,313.99,256.87,313.99,256.87,366.8
225.11,366.12,225.11,313.7,255.88,313.7,255.88,366.12
224.51,365.45,224.51,313.39,254.89,313.39,254.89,365.45
223.88,364.78,223.88,313.1,253.9,313.1,253.9,364.78
224.2,365.05,224.2,313.75,253.84,313.75,253.84,365.05
224.49,365.37,224.49,314.48,253.97,314.48,253.97,365.37
224.76,365.67,224.76,315.21,254.09,315.21,254.09,365.67
225.06,365.99,225.06,315.93,254.24,315.93,254.24,365.99
225.34,366.3,225.34,316.66,254.36,316.66,254.36,366.3
226.02,367.65,226.02,318.43,254.88,318.43,254.88,367.65
227.21,367.6,227.21,318.38,256.07,318.38,256.07,367.6
228.41,367.55,228.41,318.33,257.27,318.33,257.27,367.55
229.6,367.49,229.6,318.27,258.46,318.27,258.46,367.49
230.8,367.45,230.8,318.23,259.66,318.23,259.66,367.45
231.99,367.4,231.99,318.18,260.85,318.18,260.85,367.4
233.73,368.99,233.73,320.86,262.29,320.86,262.29,368.99
235.48,370.59,235.48,323.55,263.74,323.55,263.74,370.59
237.22,372.18,237.22,326.24,265.18,326.24,265.18,372.18
238.97,373.77,238.97,328.93,266.63,328.93,266.63,373.77
241.46,378.11,241.46,334.36,268.82,334.36,268.82,378.11
242.48,378.73,242.48,334.98,269.84,334.98,269.84,378.73
243.5,379.36,243.5,335.61,270.86,335.61,270.86,379.36
244.51,379.98,244.51,336.23,271.87,336.23,271.87,379.98
245.53,380.58,245.53,336.83,272.89,336.83,272.89,380.58
246.55,381.2,246.55,337.45,273.91,337.45,273.91,381.2
247.83,378.82,247.83,335.07,275.19,335.07,275.19,378.82
249.12,376.43,249.12,332.68,276.48,332.68,276.48,376.43
250.4,374.02,250.4,330.27,277.76,330.27,277.76,374.02
251.69,371.64,251.69,327.89,279.05,327.89,279.05,371.64
252.97,369.26,252.97,325.51,280.33,325.51,280.33,369.26
254.21,369.3,254.21,325.55,281.57,325.55,281.57,369.3
255.45,369.33,255.45,325.58,282.81,325.58,282.81,369.33
256.69,369.39,256.69,325.64,284.05,325.64,284.05,369.39
257.93,369.43,257.93,325.68,285.29,325.68,285.29,369.43
259.17,369.48,259.17,325.73,286.53,325.73,286.53,369.48
259.7,369.2,259.7,325.45,287.06,325.45,287.06,369.2
260.23,368.95,260.23,325.2,287.59,325.2,287.59,368.95
260.76,368.68,260.76,324.93,288.12,324.93,288.12,368.68
261.29,368.42,261.29,324.67,288.65,324.67,288.65,368.42
261.82,368.14,261.82,324.39,289.18,324.39,289.18,368.14
262.53,367.05,262.53,323.3,289.89,323.3,289.89,367.05
263.24,365.93,263.24,322.18,290.6,322.18,290.6,365.93
263.95,364.83,263.95,321.08,291.32,321.08,291.32,364.83
264.65,363.73,264.65,319.98,292.02,319.98,292.02,363.73
265.36,362.61,265.36,318.86,292.73,318.86,292.73,362.61
266.71,360.98,266.71,317.58,293.77,317.58,293.77,360.98
268.05,359.33,268.05,316.29,294.8,316.29,294.8,359.33
269.42,357.7,269.42,315.01,295.85,315.01,295.85,357.7
270.76,356.07,270.76,313.73,296.88,313.73,296.88,356.07
272.89,355.31,272.89,313.33,298.7,313.33,298.7,355.31
273.39,356.07,273.39,314.09,299.2,314.09,299.2,356.07
273.9,356.84,273.9,314.86,299.71,314.86,299.71,356.84
274.42,357.6,274.42,315.62,300.23,315.62,300.23,357.6
274.92,358.37,274.92,316.39,300.73,316.39,300.73,358.37
275.43,359.13,275.43,317.15,301.24,317.15,301.24,359.13
275.61,359.13,275.61,317.15,301.42,317.15,301.42,359.13
275.77,359.13,275.77,317.15,301.58,317.15,301.58,359.13
275.95,359.13,275.95,317.15,301.76,317.15,301.76,359.13
276.11,359.13,276.11,317.15,301.92,317.15,301.92,359.13
276.29,359.13,276.29,317.15,302.1,317.15,302.1,359.13
276.6,356.45,276.6,314.47,302.4,314.47,302.4,356.45
276.89,353.78,276.89,311.8,302.7,311.8,302.7,353.78
277.18,351.1,277.18,309.12,303.0,309.12,303.0,351.1
277.48,348.43,277.48,306.45,303.3,306.45,303.3,348.43
277.77,345.75,277.77,303.77,303.59,303.77,303.59,345.75
277.51,346.86,277.51,304.88,303.33,304.88,303.33,346.86
277.26,347.96,277.26,305.98,303.08,305.98,303.08,347.96
277.01,349.07,277.01,307.09,302.82,307.09,302.82,349.07
276.76,350.17,276.76,308.19,302.57,308.19,302.57,350.17
276.49,351.28,276.49,309.3,302.3,309.3,302.3,351.28
276.12,350.58,276.12,308.98,302.02,308.98,302.02,350.58
275.73,349.88,275.73,308.66,301.71,308.66,301.71,349.88
275.35,349.18,275.35,308.35,301.42,308.35,301.42,349.18
274.97,348.48,274.97,308.02,301.12,308.02,301.12,348.48
274.37,348.74,274.37,308.67,300.61,308.67,300.61,348.74
273.44,347.73,273.44,307.65,299.68,307.65,299.68,347.73
272.51,346.71,272.51,306.64,298.75,306.64,298.75,346.71
271.57,345.7,271.57,305.62,297.81,305.62,297.81,345.7
270.64,344.68,270.64,304.61,296.88,304.61,296.88,344.68
269.71,343.65,269.71,303.58,295.95,303.58,295.95,343.65
268.37,343.9,268.37,303.83,294.61,303.83,294.61,343.9
267.03,344.15,267.03,304.08,293.27,304.08,293.27,344.15
265.7,344.39,265.7,304.32,291.94,304.32,291.94,344.39
264.36,344.64,264.36,304.57,290.6,304.57,290.6,344.64
263.02,344.89,263.02,304.82,289.26,304.82,289.26,344.89
261.28,344.8,261.28,304.73,287.52,304.73,287.52,344.8
259.54,344.73,259.54,304.65,285.78,304.65,285.78,344.73
257.79,344.64,257.79,304.57,284.03,304.57,284.03,344.64
256.05,344.55,256.05,304.48,282.29,304.48,282.29,344.55
254.31,344.48,254.31,304.4,280.55,304.4,280.55,344.48
253.58,348.33,253.58,308.26,279.82,308.26,279.82,348.33
252.85,352.18,252.85,312.11,279.09,312.11,279.09,352.18
252.12,356.04,252.12,315.96,278.36,315.96,278.36,356.04
251.39,359.89,251.39,319.82,277.63,319.82,277.63,359.89
250.66,363.74,250.66,323.67,276.9,323.67,276.9,363.74
250.5,361.3,250.5,321.23,276.74,321.23,276.74,361.3
250.34,358.86,250.34,318.79,276.58,318.79,276.58,358.86
250.17,356.42,250.17,316.36,276.41,316.36,276.41,356.42
250.01,353.99,250.01,313.93,276.25,313.93,276.25,353.99
249.85,351.56,249.85,311.5,276.09,311.5,276.09,351.56
249.5,353.68,249.5,314.11,275.21,314.11,275.21,353.68
249.15,355.78,249.15,316.68,274.35,316.68,274.35,355.78
248.82,357.89,248.82,319.29,273.48,319.29,273.48,357.89
248.47,360.0,248.47,321.88,272.61,321.88,272.61,360.0
249.45,363.32,249.45,325.68,273.05,325.68,273.05,363.32
248.33,360.24,248.33,322.61,271.93,322.61,271.93,360.24
247.23,357.15,247.23,319.52,270.83,319.52,270.83,357.15
246.12,354.08,246.12,316.44,269.72,316.44,269.72,354.08
245.02,350.99,245.02,313.35,268.62,313.35,268.62,350.99
243.92,347.9,243.92,310.26,267.52,310.26,267.52,347.9
244.4,349.14,244.4,311.39,268.04,311.39,268.04,349.14
244.87,350.38,244.87,312.51,268.55,312.51,268.55,350.38
245.35,351.61,245.35,313.63,269.07,313.63,269.07,351.61
245.83,352.85,245.83,314.75,269.58,314.75,269.58,352.85
246.21,353.8,246.21,315.58,270.01,315.58,270.01,353.8
246.21,353.8,246.21,315.58,270.01,315.58,270.01,353.8
246.21,353.8,246.21,315.58,270.01,315.58,270.01,353.8
246.21,353.8,246.21,315.58,270.01,315.58,270.01,353.8
246.21,353.8,246.21,315.58,270.01,315.58,270.01,353.8
246.21,353.8,246.21,315.58,270.01,315.58,270.01,353.8
246.29,353.85,246.29,315.63,270.09,315.63,270.09,353.85
246.37,353.89,246.37,315.67,270.16,315.67,270.16,353.89
246.44,353.92,246.44,315.7,270.24,315.7,270.24,353.92
246.52,353.96,246.52,315.75,270.32,315.75,270.32,353.96
246.59,354.01,246.59,315.79,270.39,315.79,270.39,354.01
247.13,354.73,247.13,316.51,270.93,316.51,270.93,354.73
247.67,355.48,247.67,317.26,271.47,317.26,271.47,355.48
248.21,356.21,248.21,317.99,272.01,317.99,272.01,356.21
248.75,356.95,248.75,318.73,272.54,318.73,272.54,356.95
249.29,357.67,249.29,319.45,273.09,319.45,273.09,357.67
248.81,356.32,248.81,318.1,272.6,318.1,272.6,356.32
248.29,354.96,248.29,316.74,272.09,316.74,272.09,354.96
247.79,353.6,247.79,315.4,271.59,315.4,271.59,353.6
247.29,352.25,247.29,314.05,271.09,314.05,271.09,352.25
246.78,350.9,246.78,312.7,270.58,312.7,270.58,350.9
245.23,349.2,245.23,311.0,269.03,311.0,269.03,349.2
243.69,347.5,243.69,309.3,267.49,309.3,267.49,347.5
242.14,345.81,242.14,307.6,265.94,307.6,265.94,345.81
240.6,344.11,240.6,305.89,264.4,305.89,264.4,344.11
239.05,342.4,239.05,304.19,262.85,304.19,262.85,342.4
239.09,344.1,239.09,305.88,262.89,305.88,262.89,344.1
239.13,345.8,239.13,307.58,262.93,307.58,262.93,345.8
239.18,347.49,239.18,309.29,262.97,309.29,262.97,347.49
239.21,349.19,239.21,310.99,263.01,310.99,263.01,349.19
239.25,350.9,239.25,312.7,263.04,312.7,263.04,350.9
239.57,351.32,239.57,313.12,263.36,313.12,263.36,351.32
239.88,351.75,239.88,313.55,263.67,313.55,263.67,351.75
240.18,352.18,240.18,313.96,263.98,313.96,263.98,352.18
240.49,352.61,240.49,314.39,264.29,314.39,264.29,352.61
240.79,353.04,240.79,314.82,264.59,314.82,264.59,353.04
240.33,354.15,240.33,315.93,264.13,315.93,264.13,354.15
239.86,355.27,239.86,317.05,263.66,317.05,263.66,355.27
239.4,356.38,239.4,318.18,263.2,318.18,263.2,356.38
238.93,357.5,238.93,319.3,262.73,319.3,262.73,357.5
238.47,358.63,238.47,320.43,262.27,320.43,262.27,358.63
238.45,356.82,238.45,318.46,262.29,318.46,262.29,356.82
238.43,355.01,238.43,316.49,262.31,316.49,262.31,355.01
238.41,353.17,238.41,314.51,262.33,314.51,262.33,353.17
238.39,351.36,238.39,312.54,262.35,312.54,262.35,351.36
238.29,349.16,238.29,310.18,262.27,310.18,262.27,349.16
237.97,348.65,237.97,309.67,261.96,309.67,261.96,348.65
237.65,348.14,237.65,309.16,261.64,309.16,261.64,348.14
237.34,347.62,237.34,308.64,261.33,308.64,261.33,347.62
237.03,347.11,237.03,308.13,261.02,308.13,261.02,347.11
236.7,346.6,236.7,307.62,260.68,307.62,260.68,346.6
236.78,349.24,236.78,310.26,260.77,310.26,260.77,349.24
236.86,351.88,236.86,312.9,260.85,312.9,260.85,351.88
236.94,354.53,236.94,315.55,260.92,315.55,260.92,354.53
237.02,357.17,237.02,318.19,261.0,318.19,261.0,357.17
237.1,359.81,237.1,320.83,261.08,320.83,261.08,359.81
237.26,362.26,237.26,323.28,261.24,323.28,261.24,362.26
237.42,364.7,237.42,325.72,261.4,325.72,261.4,364.7
237.57,367.15,237.57,328.17,261.55,328.17,261.55,367.15
237.73,369.59,237.73,330.61,261.71,330.61,261.71,369.59
237.89,372.04,237.89,333.06,261.87,333.06,261.87,372.04
238.28,368.59,238.28,329.33,262.34,329.33,262.34,368.59
238.68,365.14,238.68,325.6,262.82,325.6,262.82,365.14
239.07,361.68,239.07,321.88,263.29,321.88,263.29,361.68
239.47,358.23,239.47,318.15,263.77,318.15,263.77,358.23
239.66,354.09,239.66,313.73,264.04,313.73,264.04,354.09
239.66,356.25,239.66,315.89,264.04,315.89,264.04,356.25
239.66,358.42,239.66,318.06,264.04,318.06,264.04,358.42
239.66,360.58,239.66,320.22,264.04,320.22,264.04,360.58
239.66,362.75,239.66,322.39,264.04,322.39,264.04,362.75
239.66,364.91,239.66,324.55,264.04,324.55,264.04,364.91
238.72,364.38,238.72,324.02,263.1,324.02,263.1,364.38
237.78,363.85,237.78,323.49,262.16,323.49,262.16,363.85
236.83,363.32,236.83,322.96,261.23,322.96,261.23,363.32
235.89,362.79,235.89,322.43,260.29,322.43,260.29,362.79
234.96,362.26,234.96,321.9,259.36,321.9,259.36,362.26
234.51,362.83,234.51,322.47,258.89,322.47,258.89,362.83
234.05,363.4,234.05,323.04,258.45,323.04,258.45,363.4
233.61,363.98,233.61,323.62,257.99,323.62,257.99,363.98
233.16,364.55,233.16,324.19,257.54,324.19,257.54,364.55
232.72,365.12,232.72,324.76,257.1,324.76,257.1,365.12
231.33,367.81,231.33,327.45,255.71,327.45,255.71,367.81
229.94,370.51,229.94,330.15,254.32,330.15,254.32,370.51
228.56,373.21,228.56,332.85,252.94,332.85,252.94,373.21
227.17,375.9,227.17,335.54,251.55,335.54,251.55,375.9
225.78,378.61,225.78,338.24,250.16,338.24,250.16,378.61
225.47,376.99,225.47,336.33,249.97,336.33,249.97,376.99
225.17,375.37,225.17,334.43,249.79,334.43,249.79,375.37
224.85,373.76,224.85,332.54,249.6,332.54,249.6,373.76
224.54,372.15,224.54,330.64,249.41,330.64,249.41,372.15
223.95,369.82,223.95,328.03,248.93,328.03,248.93,369.82
223.6,368.33,223.6,326.55,248.58,326.55,248.58,368.33
223.26,366.85,223.26,325.07,248.24,325.07,248.24,366.85
222.93,365.38,222.93,323.59,247.92,323.59,247.92,365.38
222.6,363.89,222.6,322.11,247.58,322.11,247.58,363.89
222.26,362.41,222.26,320.62,247.24,320.62,247.24,362.41
221.67,363.35,221.67,321.56,246.65,321.56,246.65,363.35
221.07,364.27,221.07,322.49,246.05,322.49,246.05,364.27
220.48,365.2,220.48,323.42,245.46,323.42,245.46,365.2
219.89,366.14,219.89,324.36,244.88,324.36,244.88,366.14
219.29,367.07,219.29,325.28,244.27,325.28,244.27,367.07
219.17,366.3,219.17,324.52,244.15,324.52,244.15,366.3
219.04,365.54,219.04,323.76,244.03,323.76,244.03,365.54
218.91,364.77,218.91,322.99,243.91,322.99,243.91,364.77
218.78,364.01,218.78,322.23,243.78,322.23,243.78,364.01
218.65,363.26,218.65,321.48,243.65,321.48,243.65,363.26
218.65,362.74,218.65,320.96,243.65,320.96,243.65,362.74
218.65,362.23,218.65,320.45,243.65,320.45,243.65,362.23
218.65,361.73,218.65,319.95,243.65,319.95,243.65,361.73
218.65,361.22,218.65,319.43,243.65,319.43,243.65,361.22
218.65,360.71,218.65,318.93,243.65,318.93,243.65,360.71
218.35,361.1,218.35,319.31,243.35,319.31,243.35,361.1
218.06,361.47,218.06,319.68,243.06,319.68,243.06,361.47
217.76,361.86,217.76,320.08,242.76,320.08,242.76,361.86
217.47,362.24,217.47,320.46,242.47,320.46,242.47,362.24
217.17,362.62,217.17,320.84,242.17,320.84,242.17,362.62
216.54,363.85,216.54,322.07,241.54,322.07,241.54,363.85
215.9,365.08,215.9,323.3,240.9,323.3,240.9,365.08
215.27,366.3,215.27,324.52,240.27,324.52,240.27,366.3
214.63,367.52,214.63,325.74,239.63,325.74,239.63,367.52
214.0,368.76,214.0,326.98,239.0,326.98,239.0,368.76
214.04,368.54,214.04,326.76,239.04,326.76,239.04,368.54
214.08,368.33,214.08,326.55,239.08,326.55,239.08,368.33
214.13,368.11,214.13,326.33,239.13,326.33,239.13,368.11
214.17,367.9,214.17,326.12,239.17,326.12,239.17,367.9
214.21,367.7,214.21,325.92,239.21,325.92,239.21,367.7
214.93,369.14,214.93,327.36,239.93,327.36,239.93,369.14
215.65,370.58,215.65,328.8,240.65,328.8,240.65,370.58
216.38,372.01,216.38,330.23,241.36,330.23,241.36,372.01
217.1,373.45,217.1,331.67,242.08,331.67,242.08,373.45
217.82,374.89,217.82,333.11,242.8,333.11,242.8,374.89
217.98,375.84,217.98,333.92,243.14,333.92,243.14,375.84
218.15,376.79,218.15,334.74,243.47,334.74,243.47,376.79
218.32,377.74,218.32,335.58,243.82,335.58,243.82,377.74
218.49,378.7,218.49,336.4,244.17,336.4,244.17,378.7
218.23,379.32,218.23,336.89,244.07,336.89,244.07,379.32
216.86,379.29,216.86,336.86,242.7,336.86,242.7,379.29
215.48,379.23,215.48,336.8,241.32,336.8,241.32,379.23
214.11,379.19,214.11,336.77,239.95,336.77,239.95,379.19
212.73,379.15,212.73,336.73,238.57,336.73,238.57,379.15
211.36,379.11,211.36,336.69,237.2,336.69,237.2,379.11
210.76,376.02,210.76,333.6,236.6,333.6,236.6,376.02
210.16,372.93,210.16,330.51,236.0,330.51,236.0,372.93
209.56,369.84,209.56,327.42,235.4,327.42,235.4,369.84
208.96,366.75,208.96,324.33,234.8,324.33,234.8,366.75
208.36,363.66,208.36,321.24,234.2,321.24,234.2,363.66
207.29,362.54,207.29,320.12,233.13,320.12,233.13,362.54
206.21,361.43,206.21,319.01,232.05,319.01,232.05,361.43
205.14,360.31,205.14,317.89,230.98,317.89,230.98,360.31
204.06,359.2,204.06,316.78,229.9,316.78,229.9,359.2
202.99,358.08,202.99,315.66,228.83,315.66,228.83,358.08
202.6,358.98,202.6,316.56,228.44,316.56,228.44,358.98
202.22,359.88,202.22,317.46,228.06,317.46,228.06,359.88
201.83,360.79,201.83,318.36,227.67,318.36,227.67,360.79
201.45,361.68,201.45,319.26,227.29,319.26,227.29,361.68
201.06,362.6,201.06,320.17,226.9,320.17,226.9,362.6
200.8,364.77,200.8,322.35,226.64,322.35,226.64,364.77
200.54,366.96,200.54,324.54,226.38,324.54,226.38,366.96
200.29,369.15,200.29,326.73,226.13,326.73,226.13,369.15
200.03,371.34,200.03,328.92,225.87,328.92,225.87,371.34
199.77,373.53,199.77,331.11,225.61,331.11,225.61,373.53
199.21,376.02,199.21,333.6,225.05,333.6,225.05,376.02
198.65,378.51,198.65,336.09,224.49,336.09,224.49,378.51
198.1,381.0,198.1,338.58,223.94,338.58,223.94,381.0
197.54,383.49,197.54,341.07,223.38,341.07,223.38,383.49
196.98,385.98,196.98,343.56,222.82,343.56,222.82,385.98
196.85,385.21,196.85,342.79,222.69,342.79,222.69,385.21
196.72,384.43,196.72,342.01,222.56,342.01,222.56,384.43
196.6,383.67,196.6,341.24,222.44,341.24,222.44,383.67
196.47,382.89,196.47,340.46,222.31,340.46,222.31,382.89
196.34,382.11,196.34,339.68,222.18,339.68,222.18,382.11
196.43,382.42,196.43,339.99,222.27,339.99,222.27,382.42
196.51,382.71,196.51,340.29,222.35,340.29,222.35,382.71
196.6,383.01,196.6,340.59,222.44,340.59,222.44,383.01
196.68,383.31,196.68,340.89,222.52,340.89,222.52,383.31
196.77,383.62,196.77,341.2,222.61,341.2,222.61,383.62
196.77,383.62,196.77,341.2,222.61,341.2,222.61,383.62
196.77,383.62,196.77,341.2,222.61,341.2,222.61,383.62
196.77,383.62,196.77,341.2,222.61,341.2,222.61,383.62
196.77,383.62,196.77,341.2,222.61,341.2,222.61,383.62
196.77,383.62,196.77,341.2,222.61,341.2,222.61,383.62
196.3,383.41,196.3,340.99,222.14,340.99,222.14,383.41
195.83,383.19,195.83,340.77,221.67,340.77,221.67,383.19
195.35,382.98,195.35,340.55,221.19,340.55,221.19,382.98
194.88,382.76,194.88,340.33,220.72,340.33,220.72,382.76
194.41,382.54,194.41,340.11,220.25,340.11,220.25,382.54
193.64,383.54,193.64,341.11,219.48,341.11,219.48,383.54
192.86,384.51,192.86,342.08,218.7,342.08,218.7,384.51
192.09,385.5,192.09,343.08,217.93,343.08,217.93,385.5
191.31,386.49,191.31,344.07,217.15,344.07,217.15,386.49
190.54,387.48,190.54,345.06,216.38,345.06,216.38,387.48
190.58,386.97,190.58,344.55,216.42,344.55,216.42,386.97
190.63,386.45,190.63,344.03,216.47,344.03,216.47,386.45
190.67,385.94,190.67,343.52,216.51,343.52,216.51,385.94
190.72,385.42,190.72,343.0,216.56,343.0,216.56,385.42
190.76,384.91,190.76,342.49,216.6,342.49,216.6,384.91
192.22,389.38,192.22,345.24,218.66,345.24,218.66,389.38
193.68,393.84,193.68,347.98,220.72,347.98,220.72,393.84
195.14,398.3,195.14,350.73,222.79,350.73,222.79,398.3
196.6,402.77,196.6,353.49,224.85,353.49,224.85,402.77
196.55,402.95,196.55,351.93,225.4,351.93,225.4,402.95
196.86,401.26,196.86,349.48,225.71,349.48,225.71,401.26
197.16,399.59,197.16,347.03,226.01,347.03,226.01,399.59
197.49,397.92,197.49,344.58,226.34,344.58,226.34,397.92
197.79,396.23,197.79,342.12,226.65,342.12,226.65,396.23
198.1,392.62,198.1,337.74,226.96,337.74,226.96,392.62
198.49,392.12,198.49,336.68,228.23,336.68,228.23,392.12
198.88,391.62,198.88,335.64,229.51,335.64,229.51,391.62
199.26,391.11,199.26,334.57,230.78,334.57,230.78,391.11
199.65,390.62,199.65,333.52,232.05,333.52,232.05,390.62
197.82,388.73,197.82,331.07,231.12,331.07,231.12,388.73
197.82,390.54,197.82,332.88,231.12,332.88,231.12,390.54
197.82,392.35,197.82,334.69,231.12,334.69,231.12,392.35
197.82,394.15,197.82,336.49,231.12,336.49,231.12,394.15
197.82,395.96,197.82,338.3,231.12,338.3,231.12,395.96
197.82,397.77,197.82,340.11,231.12,340.11,231.12,397.77
197.24,397.95,197.24,340.29,230.53,340.29,230.53,397.95
196.64,398.12,196.64,340.46,229.93,340.46,229.93,398.12
196.07,398.3,196.07,340.64,229.35,340.64,229.35,398.3
195.49,398.47,195.49,340.81,228.77,340.81,228.77,398.47
194.91,398.65,194.91,340.99,228.19,340.99,228.19,398.65
194.33,401.39,194.33,343.73,227.61,343.73,227.61,401.39
193.74,404.13,193.74,346.47,227.02,346.47,227.02,404.13
193.15,406.87,193.15,349.21,226.45,349.21,226.45,406.87
192.57,409.61,192.57,351.95,225.87,351.95,225.87,409.61
191.99,412.35,191.99,354.69,225.29,354.69,225.29,412.35
191.76,414.23,191.76,356.57,225.06,356.57,225.06,414.23
191.52,416.09,191.52,358.43,224.82,358.43,224.82,416.09
191.29,417.96,191.29,360.3,224.59,360.3,224.59,417.96
191.05,419.83,191.05,362.17,224.35,362.17,224.35,419.83
190.82,421.69,190.82,364.03,224.12,364.03,224.12,421.69
189.36,421.63,189.36,363.97,222.65,363.97,222.65,421.63
187.9,421.57,187.9,363.91,221.2,363.91,221.2,421.57
186.44,421.52,186.44,363.86,219.74,363.86,219.74,421.52
184.99,421.46,184.99,363.8,218.29,363.8,218.29,421.46
183.53,421.4,183.53,363.74,216.82,363.74,216.82,421.4
181.24,422.16,181.24,364.5,214.54,364.5,214.54,422.16
178.97,422.92,178.97,365.26,212.26,365.26,212.26,422.92
176.71,423.67,176.71,366.01,209.99,366.01,209.99,423.67
174.43,424.43,174.43,366.77,207.71,366.77,207.71,424.43
172.16,425.19,172.16,367.53,205.44,367.53,205.44,425.19
169.63,421.06,169.63,363.4,202.91,363.4,202.91,421.06
167.11,416.93,167.11,359.27,200.39,359.27,200.39,416.93
164.58,412.8,164.58,355.14,197.88,355.14,197.88,412.8
162.05,408.67,162.05,351.01,195.35,351.01,195.35,408.67
159.53,404.53,159.53,346.88,192.82,346.88,192.82,404.53
157.96,404.95,157.96,347.29,191.25,347.29,191.25,404.95
156.38,405.35,156.38,347.69,189.67,347.69,189.67,405.35
154.81,405.76,154.81,348.1,188.09,348.1,188.09,405.76
153.23,406.15,153.23,348.5,186.51,348.5,186.51,406.15
151.66,406.58,151.66,348.92,184.94,348.92,184.94,406.58
150.14,409.61,150.14,351.83,183.3,351.83,183.3,409.61
148.62,412.64,148.62,354.74,181.67,354.74,181.67,412.64
147.12,415.67,147.12,357.67,180.04,357.67,180.04,415.67
145.6,418.71,145.6,360.59,178.42,360.59,178.42,418.71
144.37,421.45,144.37,363.21,177.07,363.21,177.07,421.45
144.37,421.45,144.37,363.21,177.07,363.21,177.07,421.45
144.37,421.45,144.37,363.21,177.07,363.21,177.07,421.45
144.37,421.45,144.37,363.21,177.07,363.21,177.07,421.45
144.37,421.45,144.37,363.21,177.07,363.21,177.07,421.45
144.37,421.45,144.37,363.21,177.07,363.21,177.07,421.45
145.67,420.57,145.67,362.33,178.37,362.33,178.37,420.57
146.96,419.68,146.96,361.44,179.66,361.44,179.66,419.68
148.26,418.8,148.26,360.56,180.96,360.56,180.96,418.8
149.55,417.91,149.55,359.67,182.25,359.67,182.25,417.91
150.85,417.03,150.85,358.79,183.55,358.79,183.55,417.03
152.38,416.21,152.38,357.97,185.08,357.97,185.08,416.21
153.91,415.38,153.91,357.14,186.61,357.14,186.61,415.38
155.45,414.56,155.45,356.32,188.15,356.32,188.15,414.56
156.98,413.73,156.98,355.49,189.68,355.49,189.68,413.73
158.51,412.91,158.51,354.67,191.21,354.67,191.21,412.91
159.83,412.71,159.83,355.35,192.12,355.35,192.12,412.71
161.16,412.49,161.16,356.03,193.04,356.03,193.04,412.49
162.49,412.29,162.49,356.69,193.95,356.69,193.95,412.29
163.82,412.07,163.82,357.37,194.86,357.37,194.86,412.07
166.17,414.08,166.17,360.26,196.81,360.26,196.81,414.08
167.78,411.29,167.78,357.95,197.93,357.95,197.93,411.29
169.38,408.47,169.38,355.63,199.04,355.63,199.04,408.47
170.99,405.67,170.99,353.33,200.17,353.33,200.17,405.67
172.6,402.87,172.6,351.01,201.28,351.01,201.28,402.87
175.43,401.29,175.43,349.92,203.62,349.92,203.62,401.29
175.79,401.86,175.79,350.49,203.99,350.49,203.99,401.86
176.16,402.43,176.16,351.07,204.35,351.07,204.35,402.43
176.52,403.01,176.52,351.64,204.72,351.64,204.72,403.01
176.88,403.58,176.88,352.21,205.08,352.21,205.08,403.58
177.24,404.14,177.24,352.77,205.44,352.77,205.44,404.14
177.5,405.7,177.5,354.33,205.7,354.33,205.7,405.7
177.76,407.26,177.76,355.89,205.96,355.89,205.96,407.26
178.02,408.82,178.02,357.45,206.21,357.45,206.21,408.82
178.29,410.38,178.29,359.01,206.48,359.01,206.48,410.38
178.54,411.93,178.54,360.57,206.73,360.57,206.73,411.93
178.54,411.93,178.54,360.57,206.73,360.57,206.73,411.93
178.54,411.93,178.54,360.57,206.73,360.57,206.73,411.93
178.54,411.93,178.54,360.57,206.73,360.57,206.73,411.93
178.54,411.93,178.54,360.57,206.73,360.57,206.73,411.93
178.54,411.93,178.54,360.57,206.73,360.57,206.73,411.93
179.38,411.38,179.38,360.01,207.57,360.01,207.57,411.38
180.19,410.8,180.19,359.43,208.38,359.43,208.38,410.8
181.04,410.23,181.04,358.86,209.23,358.86,209.23,410.23
181.88,409.64,181.88,358.27,210.07,358.27,210.07,409.64
182.69,409.08,182.69,357.71,210.88,357.71,210.88,409.08
182.02,406.07,182.02,354.7,210.21,354.7,210.21,406.07
181.35,403.05,181.35,351.68,209.54,351.68,209.54,403.05
180.66,400.04,180.66,348.67,208.85,348.67,208.85,400.04
179.99,397.01,179.99,345.64,208.18,345.64,208.18,397.01
179.32,394.01,179.32,342.64,207.51,342.64,207.51,394.01
179.41,391.98,179.41,340.61,207.6,340.61,207.6,391.98
179.52,389.95,179.52,338.58,207.71,338.58,207.71,389.95
179.62,387.93,179.62,336.57,207.82,336.57,207.82,387.93
179.74,385.92,179.74,334.55,207.93,334.55,207.93,385.92
179.85,383.88,179.85,332.51,208.04,332.51,208.04,383.88
178.29,385.01,178.29,333.64,206.48,333.64,206.48,385.01
176.71,386.17,176.71,334.8,204.9,334.8,204.9,386.17
175.16,387.3,175.16,335.93,203.35,335.93,203.35,387.3
173.62,388.45,173.62,337.08,201.81,337.08,201.81,388.45
172.05,389.6,172.05,338.23,200.24,338.23,200.24,389.6
171.01,388.49,171.01,337.12,199.2,337.12,199.2,388.49
169.96,387.42,169.96,336.05,198.15,336.05,198.15,387.42
168.93,386.32,168.93,334.95,197.12,334.95,197.12,386.32
167.88,385.23,167.88,333.86,196.07,333.86,196.07,385.23
166.85,384.14,166.85,332.77,195.04,332.77,195.04,384.14
166.85,382.23,166.85,330.86,195.04,330.86,195.04,382.23
166.85,380.29,166.85,328.92,195.04,328.92,195.04,380.29
166.85,378.38,166.85,327.01,195.04,327.01,195.04,378.38
166.85,376.43,166.85,325.07,195.04,325.07,195.04,376.43
166.85,374.51,166.85,323.14,195.04,323.14,195.04,374.51
167.15,375.15,167.15,324.61,195.35,324.61,195.35,375.15
167.46,375.77,167.46,326.05,195.65,326.05,195.65,375.77
167.79,376.39,167.79,327.52,195.98,327.52,195.98,376.39
168.1,377.01,168.1,328.97,196.29,328.97,196.29,377.01
168.4,379.73,168.4,332.51,196.6,332.51,196.6,379.73
168.4,382.07,168.4,334.85,196.6,334.85,196.6,382.07
168.4,384.4,168.4,337.19,196.6,337.19,196.6,384.4
168.4,386.74,168.4,339.52,196.6,339.52,196.6,386.74
168.4,389.09,168.4,341.88,196.6,341.88,196.6,389.09
168.4,391.42,168.4,344.2,196.6,344.2,196.6,391.42
168.6,391.86,168.6,344.64,196.79,344.64,196.79,391.86
168.79,392.29,168.79,345.07,196.98,345.07,196.98,392.29
168.98,392.71,168.98,345.5,197.17,345.5,197.17,392.71
169.16,393.15,169.16,345.93,197.35,345.93,197.35,393.15
169.37,393.58,169.37,346.36,197.56,346.36,197.56,393.58
169.37,393.58,169.37,346.36,197.56,346.36,197.56,393.58
169.37,393.58,169.37,346.36,197.56,346.36,197.56,393.58
169.37,393.58,169.37,346.36,197.56,346.36,197.56,393.58
169.37,393.58,169.37,346.36,197.56,346.36,197.56,393.58
169.37,393.58,169.37,346.36,197.56,346.36,197.56,393.58
169.74,392.42,169.74,345.2,197.93,345.2,197.93,392.42
170.13,391.29,170.13,344.07,198.32,344.07,198.32,391.29
170.51,390.14,170.51,342.92,198.71,342.92,198.71,390.14
170.89,388.99,170.89,341.77,199.09,341.77,199.09,388.99
171.27,387.85,171.27,340.63,199.47,340.63,199.47,387.85
172.99,387.71,172.99,340.49,201.19,340.49,201.19,387.71
174.71,387.55,174.71,340.33,202.91,340.33,202.91,387.55
176.43,387.42,176.43,340.2,204.62,340.2,204.62,387.42
178.15,387.27,178.15,340.05,206.35,340.05,206.35,387.27
179.88,387.12,179.88,339.91,208.07,339.91,208.07,387.12
180.68,386.65,180.68,339.43,208.88,339.43,208.88,386.65
181.49,386.17,181.49,338.95,209.68,338.95,209.68,386.17
182.32,385.7,182.32,338.48,210.51,338.48,210.51,385.7
183.12,385.21,183.12,338.0,211.32,338.0,211.32,385.21
183.93,384.73,183.93,337.51,212.12,337.51,212.12,384.73
185.94,380.48,185.94,334.14,213.46,334.14,213.46,380.48
187.94,376.23,187.94,330.74,214.79,330.74,214.79,376.23
189.95,371.99,189.95,327.35,216.13,327.35,216.13,371.99
191.96,367.74,191.96,323.96,217.48,323.96,217.48,367.74
195.64,365.63,195.64,322.71,220.48,322.71,220.48,365.63
196.72,363.76,196.72,320.84,221.56,320.84,221.56,363.76
197.81,361.9,197.81,318.98,222.65,318.98,222.65,361.9
198.88,360.02,198.88,317.12,223.74,317.12,223.74,360.02
199.97,358.15,199.97,315.25,224.82,315.25,224.82,358.15
201.07,356.28,201.07,313.38,225.92,313.38,225.92,356.28
199.32,356.64,199.32,313.74,224.18,313.74,224.18,356.64
197.6,356.98,197.6,314.08,222.45,314.08,222.45,356.98
195.85,357.33,195.85,314.43,220.71,314.43,220.71,357.33
194.12,357.67,194.12,314.77,218.98,314.77,218.98,357.67
192.38,358.02,192.38,315.12,217.24,315.12,217.24,358.02
192.29,359.07,192.29,316.17,217.14,316.17,217.14,359.07
192.21,360.1,192.21,317.2,217.06,317.2,217.06,360.1
192.12,361.15,192.12,318.25,216.96,318.25,216.96,361.15
192.03,362.2,192.03,319.3,216.87,319.3,216.87,362.2
191.95,363.23,191.95,320.33,216.79,320.33,216.79,363.23
193.12,364.18,193.12,321.28,217.96,321.28,217.96,364.18
194.29,365.14,194.29,322.24,219.13,322.24,219.13,365.14
195.47,366.1,195.47,323.19,220.31,323.19,220.31,366.1
196.64,367.05,196.64,324.15,221.48,324.15,221.48,367.05
197.81,368.01,197.81,325.11,222.65,325.11,222.65,368.01
199.68,365.02,199.68,321.76,224.52,321.76,224.52,365.02
201.54,362.02,201.54,318.42,226.38,318.42,226.38,362.02
203.4,359.02,203.4,315.07,228.26,315.07,228.26,359.02
205.27,356.03,205.27,311.73,230.12,311.73,230.12,356.03
207.13,352.17,207.13,307.51,231.99,307.51,231.99,352.17
208.27,353.65,208.27,309.0,233.12,309.0,233.12,353.65
209.4,355.15,209.4,310.49,234.26,310.49,234.26,355.15
210.54,356.64,210.54,311.98,235.39,311.98,235.39,356.64
211.66,358.14,211.66,313.48,236.51,313.48,236.51,358.14
212.79,359.62,212.79,314.97,237.65,314.97,237.65,359.62
211.86,361.54,211.86,316.02,236.94,316.02,236.94,361.54
210.94,363.45,210.94,317.08,236.24,317.08,236.24,363.45
210.01,365.37,210.01,318.15,235.54,318.15,235.54,365.37
209.09,367.29,209.09,319.21,234.84,319.21,234.84,367.29
207.59,367.07,207.59,318.13,233.57,318.13,233.57,367.07
206.65,370.54,206.65,321.6,232.63,321.6,232.63,370.54
205.71,374.0,205.71,325.06,231.69,325.06,231.69,374.0
204.77,377.48,204.77,328.52,230.75,328.52,230.75,377.48
203.83,380.95,203.83,331.99,229.81,331.99,229.81,380.95
202.89,384.42,202.89,335.46,228.87,335.46,228.87,384.42
201.65,383.02,201.65,334.07,227.63,334.07,227.63,383.02
200.41,381.64,200.41,332.68,226.39,332.68,226.39,381.64
199.18,380.24,199.18,331.3,225.16,331.3,225.16,380.24
197.94,378.85,197.94,329.91,223.92,329.91,223.92,378.85
196.7,377.47,196.7,328.53,222.68,328.53,222.68,377.47
195.96,374.6,195.96,325.66,221.94,325.66,221.94,374.6
195.21,371.73,195.21,322.79,221.19,322.79,221.19,371.73
194.48,368.85,194.48,319.91,220.45,319.91,220.45,368.85
193.74,365.98,193.74,317.04,219.71,317.04,219.71,365.98
192.99,363.11,192.99,314.17,218.96,314.17,218.96,363.11
190.39,364.79,190.39,315.85,216.91,315.85,216.91,364.79
187.79,366.48,187.79,317.54,214.85,317.54,214.85,366.48
185.18,368.16,185.18,319.22,212.8,319.22,212.8,368.16
182.6,369.85,182.6,320.91,210.74,320.91,210.74,369.85
178.63,371.53,178.63,322.59,207.33,322.59,207.33,371.53
177.59,374.4,177.59,325.46,206.29,325.46,206.29,374.4
176.55,377.27,176.55,328.33,205.25,328.33,205.25,377.27
175.51,380.15,175.51,331.21,204.21,331.21,204.21,380.15
174.47,383.02,174.47,334.08,203.17,334.08,203.17,383.02
173.43,385.89,173.43,336.95,202.13,336.95,202.13,385.89
173.43,385.89,173.43,336.95,202.13,336.95,202.13,385.89
173.43,385.89,173.43,336.95,202.13,336.95,202.13,385.89
173.43,385.89,173.43,336.95,202.13,336.95,202.13,385.89
173.43,385.89,173.43,336.95,202.13,336.95,202.13,385.89
173.43,385.89,173.43,336.95,202.13,336.95,202.13,385.89
173.36,385.2,173.36,335.66,202.21,335.66,202.21,385.2
173.28,384.51,173.28,334.38,202.28,334.38,202.28,384.51
173.21,383.81,173.21,333.09,202.35,333.09,202.35,383.81
173.13,383.12,173.13,331.8,202.43,331.8,202.43,383.12
172.68,380.93,172.68,329.03,202.14,329.03,202.14,380.93
172.41,384.67,172.41,332.23,201.87,332.23,201.87,384.67
172.14,388.4,172.14,335.44,201.6,335.44,201.6,388.4
171.89,392.12,171.89,338.64,201.33,338.64,201.33,392.12
171.63,395.86,171.63,341.85,201.07,341.85,201.07,395.86
171.37,398.27,171.37,343.73,200.81,343.73,200.81,398.27
171.09,398.38,171.09,343.84,200.97,343.84,200.97,398.38
170.82,398.49,170.82,343.95,201.14,343.95,201.14,398.49
170.54,398.59,170.54,344.07,201.3,344.07,201.3,398.59
170.26,398.71,170.26,344.17,201.47,344.17,201.47,398.71
168.89,398.83,168.89,344.29,200.54,344.29,200.54,398.83
169.17,398.16,169.17,343.62,201.04,343.62,201.04,398.16
169.45,397.51,169.45,342.97,201.54,342.97,201.54,397.51
169.73,396.83,169.73,342.29,202.04,342.29,202.04,396.83
169.99,396.16,169.99,341.64,202.51,341.64,202.51,396.16
169.71,395.52,169.71,340.98,202.46,340.98,202.46,395.52
169.83,394.91,169.83,340.38,202.91,340.38,202.91,394.91
169.94,394.3,169.94,339.78,203.35,339.78,203.35,394.3
170.04,393.7,170.04,339.16,203.79,339.16,203.79,393.7
170.16,393.09,170.16,338.55,204.24,338.55,204.24,393.09
169.43,392.48,169.43,337.94,203.85,337.94,203.85,392.48
169.66,390.27,169.66,335.73,204.07,335.73,204.07,390.27
169.88,388.06,169.88,333.52,204.29,333.52,204.29,388.06
170.1,385.86,170.1,331.32,204.51,331.32,204.51,385.86
170.32,383.65,170.32,329.11,204.73,329.11,204.73,383.65
170.54,381.44,170.54,326.9,204.96,326.9,204.96,381.44
170.54,381.66,170.54,327.12,204.96,327.12,204.96,381.66
170.54,381.88,170.54,327.34,204.96,327.34,204.96,381.88
170.54,382.11,170.54,327.57,204.96,327.57,204.96,382.11
170.54,382.33,170.54,327.79,204.96,327.79,204.96,382.33
170.54,382.55,170.54,328.01,204.96,328.01,204.96,382.55
171.1,383.21,171.1,328.67,205.51,328.67,205.51,383.21
171.63,383.87,171.63,329.33,206.04,329.33,206.04,383.87
172.19,384.54,172.19,330.0,206.6,330.0,206.6,384.54
172.74,385.2,172.74,330.66,207.15,330.66,207.15,385.2
173.29,385.86,173.29,331.32,207.71,331.32,207.71,385.86
177.15,385.69,177.15,331.15,211.57,331.15,211.57,385.69
181.02,385.53,181.02,330.99,215.43,330.99,215.43,385.53
184.89,385.36,184.89,330.82,219.29,330.82,219.29,385.36
188.75,385.2,188.75,330.66,223.15,330.66,223.15,385.2
192.62,385.03,192.62,330.49,227.02,330.49,227.02,385.03
193.89,384.15,193.89,329.61,228.29,329.61,228.29,384.15
195.16,383.26,195.16,328.72,229.56,328.72,229.56,383.26
196.43,382.38,196.43,327.84,230.84,327.84,230.84,382.38
197.69,381.49,197.69,326.97,232.1,326.97,232.1,381.49
198.96,380.6,198.96,326.08,233.38,326.08,233.38,380.6
199.24,383.01,199.24,327.43,233.65,327.43,233.65,383.01
199.51,385.42,199.51,328.79,233.92,328.79,233.92,385.42
199.79,387.83,199.79,330.14,234.21,330.14,234.21,387.83
200.05,390.23,200.05,331.49,234.46,331.49,234.46,390.23
200.35,389.99,200.35,330.21,234.76,330.21,234.76,389.99
202.69,389.82,202.69,330.03,237.1,330.03,237.1,389.82
205.05,389.63,205.05,329.85,239.46,329.85,239.46,389.63
207.41,389.45,207.41,329.67,241.82,329.67,241.82,389.45
209.79,389.27,209.79,329.49,244.2,329.49,244.2,389.27
212.13,389.09,212.13,329.31,246.54,329.31,246.54,389.09
212.74,386.97,212.74,327.19,247.15,327.19,247.15,386.97
213.35,384.85,213.35,325.07,247.76,325.07,247.76,384.85
213.94,382.74,213.94,322.96,248.35,322.96,248.35,382.74
214.55,380.62,214.55,320.84,248.96,320.84,248.96,380.62
215.16,378.5,215.16,318.72,249.57,318.72,249.57,378.5
214.12,381.4,214.12,321.62,248.54,321.62,248.54,381.4
213.1,384.31,213.1,324.53,247.51,324.53,247.51,384.31
212.08,387.21,212.08,327.43,246.49,327.43,246.49,387.21
211.04,390.12,211.04,330.34,245.46,330.34,245.46,390.12
210.02,393.02,210.02,333.24,244.43,333.24,244.43,393.02
211.16,393.92,211.16,333.66,245.57,333.66,245.57,393.92
212.32,394.83,212.32,334.08,246.73,334.08,246.73,394.83
213.47,395.74,213.47,334.52,247.87,334.52,247.87,395.74
214.62,396.66,214.62,334.94,249.02,334.94,249.02,396.66
215.77,396.35,215.77,334.15,250.17,334.15,250.17,396.35
216.4,393.55,216.4,331.03,251.18,331.03,251.18,393.55
217.03,390.76,217.03,327.92,252.19,327.92,252.19,390.76
217.66,387.95,217.66,324.79,253.2,324.79,253.2,387.95
218.29,385.15,218.29,321.69,254.21,321.69,254.21,385.15
217.97,381.56,217.97,317.78,254.27,317.78,254.27,381.56
216.48,383.3,216.48,319.52,252.78,319.52,252.78,383.3
215.0,385.04,215.0,321.26,251.3,321.26,251.3,385.04
213.51,386.79,213.51,323.01,249.81,323.01,249.81,386.79
212.03,388.53,212.03,324.75,248.32,324.75,248.32,388.53
210.55,390.27,210.55,326.49,246.85,326.49,246.85,390.27
209.21,388.66,209.21,324.88,245.5,324.88,245.5,388.66
207.85,387.04,207.85,323.26,244.14,323.26,244.14,387.04
206.49,385.43,206.49,321.65,242.79,321.65,242.79,385.43
205.13,383.82,205.13,320.04,241.43,320.04,241.43,383.82
203.77,382.2,203.77,318.42,240.07,318.42,240.07,382.2
201.93,383.29,201.93,319.27,238.81,319.27,238.81,383.29
200.09,384.39,200.09,320.11,237.55,320.11,237.55,384.39
198.26,385.49,198.26,320.95,236.3,320.95,236.3,385.49
196.42,386.59,196.42,321.79,235.04,321.79,235.04,386.59
193.13,387.04,193.13,321.98,232.33,321.98,232.33,387.04
194.05,384.54,194.05,319.48,233.25,319.48,233.25,384.54
194.97,382.04,194.97,316.98,234.17,316.98,234.17,382.04
195.89,379.53,195.89,314.47,235.09,314.47,235.09,379.53
196.81,377.03,196.81,311.97,236.01,311.97,236.01,377.03
197.73,374.53,197.73,309.47,236.93,309.47,236.93,374.53
198.06,374.66,198.06,309.6,237.26,309.6,237.26,374.66
198.39,374.79,198.39,309.73,237.59,309.73,237.59,374.79
198.72,374.93,198.72,309.87,237.92,309.87,237.92,374.93
199.05,375.06,199.05,310.0,238.25,310.0,238.25,375.06
199.38,375.19,199.38,310.13,238.58,310.13,238.58,375.19
197.73,374.93,197.73,309.87,236.93,309.87,236.93,374.93
196.09,374.66,196.09,309.6,235.29,309.6,235.29,374.66
194.44,374.4,194.44,309.33,233.64,309.33,233.64,374.4
192.8,374.14,192.8,309.07,232.0,309.07,232.0,374.14
191.15,373.89,191.15,308.82,230.35,308.82,230.35,373.89
191.15,373.89,191.15,308.82,230.35,308.82,230.35,373.89
191.15,373.89,191.15,308.82,230.35,308.82,230.35,373.89
191.15,373.89,191.15,308.82,230.35,308.82,230.35,373.89
191.15,373.89,191.15,308.82,230.35,308.82,230.35,373.89
191.15,373.89,191.15,308.82,230.35,308.82,230.35,373.89
189.97,375.06,189.97,308.3,229.68,308.3,229.68,375.06
188.79,376.24,188.79,307.8,229.01,307.8,229.01,376.24
187.6,377.42,187.6,307.29,228.32,307.29,228.32,377.42
186.42,378.6,186.42,306.79,227.65,306.79,227.65,378.6
183.97,375.56,183.97,302.06,225.71,302.06,225.71,375.56
