133.67,55.82,125.8,34.2,164.33,20.18,172.2,41.8
136.15,53.94,128.94,32.0,165.48,20.01,172.68,41.94
138.66,52.13,132.13,29.88,166.58,19.77,173.12,42.01
141.21,50.38,135.37,27.85,167.66,19.47,173.5,42.0
143.79,48.69,138.64,25.9,168.7,19.11,173.85,41.9
146.4,47.06,141.96,24.03,169.72,18.68,174.16,41.71
149.03,45.5,145.31,22.25,170.71,18.19,174.43,41.44
151.68,44.01,148.69,20.56,171.68,17.63,174.67,41.08
151.99,44.16,149.74,20.53,170.28,18.57,172.53,42.2
152.32,44.37,150.81,20.6,168.86,19.45,170.37,43.22
152.66,44.65,151.9,20.75,167.43,20.26,168.19,44.16
153.0,45.0,153.0,21.0,166.0,21.0,166.0,45.0
152.59,44.57,152.8,20.05,165.98,20.17,165.77,44.69
152.18,44.14,152.61,19.11,165.96,19.34,165.53,44.37
150.97,47.12,154.22,21.76,167.63,23.48,164.38,48.84
150.28,48.84,153.99,23.01,167.55,24.97,163.83,50.79
149.58,50.55,153.78,24.27,167.48,26.46,163.27,52.74
148.87,52.25,153.58,25.53,167.41,27.97,162.7,54.69
148.16,53.95,153.39,26.79,167.35,29.48,162.12,56.63
147.45,55.64,153.2,28.05,167.29,30.99,161.53,58.58
146.72,57.32,153.03,29.32,167.24,32.52,160.93,60.52
146.0,58.99,152.86,30.59,167.19,34.05,160.33,62.45
145.27,60.65,152.71,31.86,167.15,35.59,159.71,64.39
144.53,62.31,152.56,33.13,167.11,37.14,159.08,66.32
143.79,63.96,152.43,34.41,167.08,38.69,158.44,68.24
143.05,65.6,152.3,35.7,167.05,40.26,157.8,70.17
142.3,67.24,152.18,36.98,167.02,41.83,157.14,72.09
141.55,68.86,152.08,38.27,167.0,43.41,156.48,74.0
140.79,70.48,151.98,39.57,166.99,45.0,155.8,75.91
139.3,72.04,149.02,41.02,164.14,45.75,154.41,76.78
137.81,73.57,146.09,42.5,161.28,46.54,153.0,77.61
136.33,75.06,143.17,44.01,158.41,47.37,151.56,78.42
134.86,76.51,140.29,45.55,155.53,48.23,150.1,79.19
133.39,77.94,137.42,47.12,152.65,49.12,148.62,79.93
131.92,79.33,134.59,48.72,149.77,50.04,147.11,80.65
130.46,80.68,131.78,50.35,146.89,51.01,145.57,81.34
129.0,82.0,129.0,52.0,144.0,52.0,144.0,82.0
128.0,84.0,128.0,54.0,143.0,54.0,143.0,84.0
127.0,86.0,127.0,56.0,142.0,56.0,142.0,86.0
126.0,87.0,126.0,58.0,140.0,58.0,140.0,87.0
124.0,88.0,124.0,59.0,138.0,59.0,138.0,88.0
123.0,89.0,123.0,61.0,136.0,61.0,136.0,89.0
122.0,91.0,122.0,63.0,135.0,63.0,135.0,91.0
121.0,93.0,121.0,65.0,134.0,65.0,134.0,93.0
119.0,93.0,119.0,65.0,132.0,65.0,132.0,93.0
117.0,93.0,117.0,65.0,130.0,65.0,130.0,93.0
115.0,94.0,115.0,66.0,128.0,66.0,128.0,94.0
114.0,94.0,114.0,66.0,127.0,66.0,127.0,94.0
112.0,95.0,112.0,67.0,126.0,67.0,126.0,95.0
110.0,95.0,110.0,67.0,124.0,67.0,124.0,95.0
109.0,96.0,109.0,68.0,123.0,68.0,123.0,96.0
107.0,96.0,107.0,68.0,121.0,68.0,121.0,96.0
105.0,97.0,105.0,69.0,120.0,69.0,120.0,97.0
104.0,97.0,104.0,69.0,119.0,69.0,119.0,97.0
102.0,98.0,102.0,70.0,117.0,70.0,117.0,98.0
100.0,98.0,100.0,70.0,115.0,70.0,115.0,98.0
99.0,99.0,99.0,71.0,115.0,71.0,115.0,99.0
98.0,99.0,98.0,71.0,114.0,71.0,114.0,99.0
97.0,99.0,97.0,71.0,114.0,71.0,114.0,99.0
96.0,99.0,96.0,71.0,114.0,71.0,114.0,99.0
96.0,100.0,96.0,71.0,114.0,71.0,114.0,100.0
95.0,100.0,95.0,71.0,114.0,71.0,114.0,100.0
94.0,100.0,94.0,71.0,114.0,71.0,114.0,100.0
94.0,101.0,94.0,71.0,114.0,71.0,114.0,101.0
93.0,101.0,93.0,71.0,114.0,71.0,114.0,101.0
92.0,101.0,92.0,71.0,114.0,71.0,114.0,101.0
92.0,102.0,92.0,71.0,115.0,71.0,115.0,102.0
91.0,101.0,91.0,71.0,114.0,71.0,114.0,101.0
91.0,102.0,91.0,72.0,114.0,72.0,114.0,102.0
91.0,102.0,91.0,72.0,114.0,72.0,114.0,102.0
91.0,102.0,91.0,73.0,114.0,73.0,114.0,102.0
91.0,102.0,91.0,73.0,114.0,73.0,114.0,102.0
91.0,103.0,91.0,74.0,114.0,74.0,114.0,103.0
91.0,104.0,91.0,75.0,115.0,75.0,115.0,104.0
93.0,103.0,93.0,74.0,117.0,74.0,117.0,103.0
95.0,103.0,95.0,74.0,119.0,74.0,119.0,103.0
98.0,102.0,98.0,73.0,122.0,73.0,122.0,102.0
100.0,102.0,100.0,73.0,124.0,73.0,124.0,102.0
102.0,102.0,102.0,72.0,126.0,72.0,126.0,102.0
105.0,102.0,105.0,72.0,129.0,72.0,129.0,102.0
107.0,101.0,107.0,71.0,131.0,71.0,131.0,101.0
109.0,101.0,109.0,71.0,133.0,71.0,133.0,101.0
112.0,102.0,112.0,71.0,136.0,71.0,136.0,102.0
112.0,102.0,112.0,71.0,135.0,71.0,135.0,102.0
113.0,102.0,113.0,71.0,136.0,71.0,136.0,102.0
114.0,103.0,114.0,72.0,137.0,72.0,137.0,103.0
115.0,103.0,115.0,72.0,138.0,72.0,138.0,103.0
116.0,104.0,116.0,73.0,139.0,73.0,139.0,104.0
116.0,103.0,116.0,72.0,139.0,72.0,139.0,103.0
116.0,102.0,116.0,71.0,139.0,71.0,139.0,102.0
116.0,101.0,116.0,70.0,138.0,70.0,138.0,101.0
116.0,101.0,116.0,69.0,138.0,69.0,138.0,101.0
116.0,102.0,116.0,69.0,138.0,69.0,138.0,102.0
114.0,102.0,114.0,69.0,140.0,69.0,140.0,102.0
113.0,102.0,113.0,69.0,143.0,69.0,143.0,102.0
111.0,102.0,111.0,69.0,145.0,69.0,145.0,102.0
110.0,103.0,110.0,70.0,149.0,70.0,149.0,103.0
109.0,103.0,109.0,70.0,152.0,70.0,152.0,103.0
107.0,103.0,107.0,70.0,154.0,70.0,154.0,103.0
106.0,103.0,106.0,70.0,157.0,70.0,157.0,103.0
105.0,104.0,105.0,71.0,161.0,71.0,161.0,104.0
107.0,104.0,107.0,71.0,163.0,71.0,163.0,104.0
109.0,105.0,109.0,72.0,166.0,72.0,166.0,105.0
112.0,105.0,112.0,72.0,169.0,72.0,169.0,105.0
114.0,106.0,114.0,73.0,172.0,73.0,172.0,106.0
117.0,107.0,117.0,73.0,175.0,73.0,175.0,107.0
119.0,108.0,119.0,74.0,178.0,74.0,178.0,108.0
121.0,108.0,121.0,74.0,181.0,74.0,181.0,108.0
124.0,109.0,124.0,75.0,184.0,75.0,184.0,109.0
126.0,110.0,126.0,75.0,187.0,75.0,187.0,110.0
129.0,111.0,129.0,76.0,190.0,76.0,190.0,111.0
131.0,111.0,131.0,76.0,193.0,76.0,193.0,111.0
134.0,112.0,134.0,77.0,196.0,77.0,196.0,112.0
136.0,113.0,136.0,77.0,199.0,77.0,199.0,113.0
138.0,114.0,138.0,78.0,202.0,78.0,202.0,114.0
141.0,114.0,141.0,78.0,205.0,78.0,205.0,114.0
143.0,115.0,143.0,79.0,208.0,79.0,208.0,115.0
146.0,115.0,146.0,79.0,211.0,79.0,211.0,115.0
148.0,117.0,148.0,80.0,214.0,80.0,214.0,117.0
151.0,117.0,151.0,80.0,217.0,80.0,217.0,117.0
153.0,118.0,153.0,81.0,220.0,81.0,220.0,118.0
155.0,118.0,155.0,81.0,223.0,81.0,223.0,118.0
158.0,120.0,158.0,82.0,226.0,82.0,226.0,120.0
159.57,119.08,161.39,81.19,229.87,84.48,228.05,122.37
161.22,118.1,164.85,80.4,233.66,87.02,230.03,124.72
162.96,117.05,168.39,79.63,237.36,89.63,231.93,127.05
164.8,115.95,172.0,78.89,240.96,92.29,233.76,129.35
168.4,117.68,173.18,80.48,243.11,89.48,238.32,126.68
172.13,119.36,174.52,82.19,245.12,86.72,242.74,123.89
176.0,121.0,176.0,84.0,247.0,84.0,247.0,121.0
179.0,121.0,179.0,84.0,250.0,84.0,250.0,121.0
182.0,121.0,182.0,84.0,253.0,84.0,253.0,121.0
185.0,120.0,185.0,84.0,256.0,84.0,256.0,120.0
188.0,120.0,188.0,84.0,259.0,84.0,259.0,120.0
191.0,119.0,191.0,84.0,262.0,84.0,262.0,119.0
194.0,119.0,194.0,84.0,265.0,84.0,265.0,119.0
197.0,119.0,197.0,84.0,268.0,84.0,268.0,119.0
200.0,117.0,200.0,83.0,271.0,83.0,271.0,117.0
203.0,117.0,203.0,83.0,274.0,83.0,274.0,117.0
207.0,116.0,207.0,82.0,278.0,82.0,278.0,116.0
210.0,115.0,210.0,82.0,281.0,82.0,281.0,115.0
213.0,114.0,213.0,81.0,284.0,81.0,284.0,114.0
217.0,114.0,217.0,81.0,288.0,81.0,288.0,114.0
220.0,112.0,220.0,80.0,291.0,80.0,291.0,112.0
223.0,112.0,223.0,80.0,294.0,80.0,294.0,112.0
227.0,112.0,227.0,80.0,299.0,80.0,299.0,112.0
232.0,112.0,232.0,79.0,300.0,79.0,300.0,112.0
237.0,112.0,237.0,78.0,302.0,78.0,302.0,112.0
242.0,112.0,242.0,77.0,303.0,77.0,303.0,112.0
248.0,112.0,248.0,76.0,306.0,76.0,306.0,112.0
251.0,111.0,251.0,75.0,306.0,75.0,306.0,111.0
254.0,110.0,254.0,74.0,306.0,74.0,306.0,110.0
257.0,109.0,257.0,73.0,306.0,73.0,306.0,109.0
260.0,108.0,260.0,72.0,306.0,72.0,306.0,108.0
263.0,107.0,263.0,71.0,306.0,71.0,306.0,107.0
266.0,106.0,266.0,70.0,306.0,70.0,306.0,106.0
269.0,106.0,269.0,69.0,307.0,69.0,307.0,106.0
272.0,105.0,272.0,68.0,307.0,68.0,307.0,105.0
275.0,104.0,275.0,67.0,307.0,67.0,307.0,104.0
278.0,103.0,278.0,66.0,307.0,66.0,307.0,103.0
281.0,102.0,281.0,65.0,307.0,65.0,307.0,102.0
284.0,101.0,284.0,64.0,307.0,64.0,307.0,101.0
287.0,102.0,287.0,64.0,308.0,64.0,308.0,102.0
284.0,99.0,284.0,62.0,307.0,62.0,307.0,99.0
281.0,98.0,281.0,61.0,307.0,61.0,307.0,98.0
278.0,97.0,278.0,60.0,306.0,60.0,306.0,97.0
275.0,96.0,275.0,59.0,306.0,59.0,306.0,96.0
272.0,95.0,272.0,58.0,306.0,58.0,306.0,95.0
269.0,92.0,269.0,56.0,305.0,56.0,305.0,92.0
266.0,91.0,266.0,55.0,305.0,55.0,305.0,91.0
263.0,90.0,263.0,54.0,304.0,54.0,304.0,90.0
260.0,89.0,260.0,53.0,304.0,53.0,304.0,89.0
254.72,84.55,259.73,48.9,306.28,55.45,301.27,91.1
251.34,84.7,253.78,49.78,304.16,53.3,301.72,88.22
248.0,85.0,248.0,51.0,302.0,51.0,302.0,85.0
243.0,84.0,243.0,51.0,301.0,51.0,301.0,84.0
239.0,83.0,239.0,51.0,300.0,51.0,300.0,83.0
234.0,82.0,234.0,51.0,299.0,51.0,299.0,82.0
230.0,82.0,230.0,51.0,299.0,51.0,299.0,82.0
225.0,82.0,225.0,51.0,293.0,51.0,293.0,82.0
221.0,83.0,221.0,52.0,289.0,52.0,289.0,83.0
216.0,84.0,216.0,53.0,284.0,53.0,284.0,84.0
212.0,85.0,212.0,54.0,280.0,54.0,280.0,85.0
207.0,85.0,207.0,54.0,275.0,54.0,275.0,85.0
201.71,86.97,200.36,56.0,268.29,53.03,269.64,84.0
196.48,88.9,193.78,58.02,261.52,52.1,264.22,82.98
191.87,89.96,189.13,58.97,257.01,52.97,259.75,83.96
187.27,91.02,184.49,59.91,252.5,53.84,255.28,84.94
182.66,92.08,179.84,60.86,247.99,54.71,250.81,85.92
178.06,93.13,175.2,61.81,243.48,55.58,246.33,86.9
173.45,94.19,170.55,62.75,238.97,56.45,241.86,87.88
168.84,95.25,165.91,63.7,234.45,57.32,237.39,88.87
164.24,96.3,161.26,64.65,229.94,58.19,232.92,89.85
159.63,97.36,156.62,65.59,225.43,59.06,228.45,90.83
155.03,98.42,151.97,66.54,220.92,59.93,223.98,91.81
150.42,99.48,147.32,67.49,216.41,60.8,219.51,92.79
145.82,100.54,142.68,68.44,211.9,61.67,215.04,93.77
141.21,101.59,138.03,69.38,207.39,62.54,210.56,94.75
136.61,102.65,133.39,70.33,202.87,63.41,206.09,95.73
133.56,103.66,130.3,71.23,198.97,64.33,202.24,96.76
130.52,104.67,127.21,72.13,195.07,65.24,198.38,97.78
127.47,105.68,124.13,73.03,191.18,66.16,194.52,98.81
124.43,106.69,121.04,73.93,187.28,67.08,190.66,99.84
121.38,107.69,117.95,74.83,183.38,68.0,186.8,100.87
118.33,108.7,114.86,75.72,179.48,68.92,182.95,101.9
115.29,109.71,111.78,76.62,175.58,69.84,179.09,102.93
112.24,110.71,108.69,77.51,171.68,70.77,175.23,103.96
109.2,111.71,105.6,78.41,167.78,71.69,171.38,105.0
106.15,112.72,102.51,79.3,163.88,72.61,167.52,106.03
103.11,113.72,99.42,80.19,159.98,73.54,163.66,107.06
100.06,114.72,96.34,81.09,156.08,74.46,159.81,108.1
97.02,115.72,93.25,81.98,152.18,75.39,155.95,109.13
93.97,116.72,90.16,82.87,148.28,76.32,152.1,110.17
90.93,117.72,87.07,83.76,144.38,77.24,148.24,111.21
87.88,118.72,83.98,84.65,140.48,78.17,144.38,112.25
84.84,119.72,80.89,85.54,136.58,79.1,140.53,113.28
84.36,119.41,81.36,84.73,133.71,80.2,136.71,114.88
83.89,119.19,81.87,84.04,130.82,81.22,132.84,116.37
83.44,119.05,82.42,83.46,127.91,82.15,128.94,117.74
83.0,119.0,83.0,83.0,125.0,83.0,125.0,119.0
82.0,121.0,82.0,84.0,121.0,84.0,121.0,121.0
81.0,122.0,81.0,85.0,118.0,85.0,118.0,122.0
80.0,123.0,80.0,86.0,114.0,86.0,114.0,123.0
79.0,125.0,79.0,87.0,111.0,87.0,111.0,125.0
78.0,126.0,78.0,88.0,107.0,88.0,107.0,126.0
77.0,128.0,77.0,89.0,104.0,89.0,104.0,128.0
75.0,129.0,75.0,90.0,101.0,90.0,101.0,129.0
74.0,130.0,74.0,91.0,100.0,91.0,100.0,130.0
73.0,131.0,73.0,92.0,99.0,92.0,99.0,131.0
71.0,134.0,71.0,94.0,97.0,94.0,97.0,134.0
70.0,135.0,70.0,95.0,96.0,95.0,96.0,135.0
69.0,136.0,69.0,96.0,95.0,96.0,95.0,136.0
67.0,138.0,67.0,97.0,93.0,97.0,93.0,138.0
66.0,140.0,66.0,99.0,92.0,99.0,92.0,140.0
65.0,141.0,65.0,100.0,91.0,100.0,91.0,141.0
63.0,143.0,63.0,101.0,89.0,101.0,89.0,143.0
62.0,144.0,62.0,102.0,88.0,102.0,88.0,144.0
61.0,146.0,61.0,104.0,87.0,104.0,87.0,146.0
60.0,147.0,60.0,105.0,86.0,105.0,86.0,147.0
58.0,149.0,58.0,106.0,84.0,106.0,84.0,149.0
57.0,150.0,57.0,107.0,83.0,107.0,83.0,150.0
56.0,152.0,56.0,109.0,82.0,109.0,82.0,152.0
54.0,154.0,54.0,110.0,80.0,110.0,80.0,154.0
53.0,155.0,53.0,111.0,79.0,111.0,79.0,155.0
52.0,156.0,52.0,112.0,78.0,112.0,78.0,156.0
50.0,159.0,50.0,114.0,76.0,114.0,76.0,159.0
49.0,160.0,49.0,115.0,75.0,115.0,75.0,160.0
48.0,161.0,48.0,116.0,74.0,116.0,74.0,161.0
47.0,164.0,47.0,118.0,73.0,118.0,73.0,164.0
46.0,163.0,46.0,118.0,71.0,118.0,71.0,163.0
45.0,162.0,45.0,118.0,69.0,118.0,69.0,162.0
45.0,162.0,45.0,118.0,69.0,118.0,69.0,162.0
44.0,161.0,44.0,118.0,67.0,118.0,67.0,161.0
43.0,160.0,43.0,118.0,65.0,118.0,65.0,160.0
43.0,160.0,43.0,118.0,65.0,118.0,65.0,160.0
42.0,159.0,42.0,118.0,63.0,118.0,63.0,159.0
42.0,160.0,42.0,119.0,63.0,119.0,63.0,160.0
42.0,159.0,42.0,118.0,63.0,118.0,63.0,159.0
42.0,159.0,42.0,118.0,63.0,118.0,63.0,159.0
42.0,159.0,42.0,118.0,64.0,118.0,64.0,159.0
42.0,160.0,42.0,118.0,64.0,118.0,64.0,160.0
42.0,160.0,42.0,118.0,64.0,118.0,64.0,160.0
42.0,160.0,42.0,118.0,65.0,118.0,65.0,160.0
42.0,160.0,42.0,118.0,65.0,118.0,65.0,160.0
42.0,161.0,42.0,118.0,66.0,118.0,66.0,161.0
42.0,159.0,42.0,117.0,67.0,117.0,67.0,159.0
43.0,158.0,43.0,116.0,70.0,116.0,70.0,158.0
43.0,157.0,43.0,115.0,72.0,115.0,72.0,157.0
44.0,155.0,44.0,114.0,75.0,114.0,75.0,155.0
44.0,154.0,44.0,113.0,77.0,113.0,77.0,154.0
45.0,153.0,45.0,112.0,80.0,112.0,80.0,153.0
45.0,152.0,45.0,111.0,82.0,111.0,82.0,152.0
46.0,150.0,46.0,110.0,84.0,110.0,84.0,150.0
46.0,149.0,46.0,109.0,86.0,109.0,86.0,149.0
47.0,148.0,47.0,108.0,89.0,108.0,89.0,148.0
47.0,147.0,47.0,107.0,91.0,107.0,91.0,147.0
48.0,145.0,48.0,106.0,94.0,106.0,94.0,145.0
48.0,144.0,48.0,105.0,96.0,105.0,96.0,144.0
49.0,143.0,49.0,104.0,99.0,104.0,99.0,143.0
50.0,143.0,50.0,104.0,102.0,104.0,102.0,143.0
52.0,141.0,52.0,103.0,106.0,103.0,106.0,141.0
54.0,140.0,54.0,102.0,110.0,102.0,110.0,140.0
56.0,139.0,56.0,101.0,114.0,101.0,114.0,139.0
58.0,139.0,58.0,101.0,118.0,101.0,118.0,139.0
60.0,138.0,60.0,100.0,122.0,100.0,122.0,138.0
62.0,137.0,62.0,99.0,127.0,99.0,127.0,137.0
64.0,137.0,64.0,99.0,131.0,99.0,131.0,137.0
66.0,136.0,66.0,98.0,135.0,98.0,135.0,136.0
69.0,135.0,69.0,97.0,140.0,97.0,140.0,135.0
71.0,134.0,71.0,96.0,144.0,96.0,144.0,134.0
73.0,134.0,73.0,96.0,148.0,96.0,148.0,134.0
75.0,133.0,75.0,95.0,153.0,95.0,153.0,133.0
77.0,132.0,77.0,94.0,157.0,94.0,157.0,132.0
79.0,132.0,79.0,94.0,161.0,94.0,161.0,132.0
81.0,131.0,81.0,93.0,165.0,93.0,165.0,131.0
83.0,130.0,83.0,92.0,169.0,92.0,169.0,130.0
86.0,130.0,86.0,92.0,175.0,92.0,175.0,130.0
89.0,129.0,89.0,91.0,177.0,91.0,177.0,129.0
93.0,128.0,93.0,90.0,180.0,90.0,180.0,128.0
97.0,128.0,97.0,90.0,184.0,90.0,184.0,128.0
101.0,127.0,101.0,89.0,187.0,89.0,187.0,127.0
105.0,128.0,105.0,89.0,191.0,89.0,191.0,128.0
110.0,127.0,110.0,89.0,193.0,89.0,193.0,127.0
115.0,126.0,115.0,89.0,196.0,89.0,196.0,126.0
120.0,126.0,120.0,90.0,199.0,90.0,199.0,126.0
125.0,125.0,125.0,90.0,202.0,90.0,202.0,125.0
130.0,125.0,130.0,91.0,205.0,91.0,205.0,125.0
135.0,124.0,135.0,90.0,205.0,90.0,205.0,124.0
141.0,124.0,141.0,90.0,207.0,90.0,207.0,124.0
147.0,124.0,147.0,89.0,209.0,89.0,209.0,124.0
153.0,124.0,153.0,89.0,211.0,89.0,211.0,124.0
159.0,124.0,159.0,88.0,213.0,88.0,213.0,124.0
165.0,124.0,165.0,88.0,215.0,88.0,215.0,124.0
170.0,123.0,170.0,87.0,215.0,87.0,215.0,123.0
176.0,124.0,176.0,87.0,217.0,87.0,217.0,124.0
182.0,123.0,182.0,86.0,219.0,86.0,219.0,123.0
188.0,124.0,188.0,86.0,221.0,86.0,221.0,124.0
194.0,123.0,194.0,85.0,223.0,85.0,223.0,123.0
200.0,124.0,200.0,85.0,225.0,85.0,225.0,124.0
198.0,123.0,198.0,85.0,225.0,85.0,225.0,123.0
197.0,122.0,197.0,85.0,226.0,85.0,226.0,122.0
196.0,121.0,196.0,85.0,227.0,85.0,227.0,121.0
194.0,120.0,194.0,85.0,228.0,85.0,228.0,120.0
193.0,119.0,193.0,85.0,229.0,85.0,229.0,119.0
192.0,118.0,192.0,85.0,230.0,85.0,230.0,118.0
191.0,118.0,191.0,86.0,232.0,86.0,232.0,118.0
187.0,117.0,187.0,85.0,230.0,85.0,230.0,117.0
184.0,117.0,184.0,85.0,230.0,85.0,230.0,117.0
181.0,117.0,181.0,85.0,230.0,85.0,230.0,117.0
177.0,117.0,177.0,85.0,229.0,85.0,229.0,117.0
174.0,118.0,174.0,85.0,229.0,85.0,229.0,118.0
171.0,117.0,171.0,84.0,228.0,84.0,228.0,117.0
167.0,117.0,167.0,84.0,227.0,84.0,227.0,117.0
164.0,117.0,164.0,84.0,227.0,84.0,227.0,117.0
161.0,117.0,161.0,84.0,227.0,84.0,227.0,117.0
158.0,118.0,158.0,84.0,227.0,84.0,227.0,118.0
155.0,117.0,155.0,84.0,224.0,84.0,224.0,117.0
152.0,117.0,152.0,84.0,221.0,84.0,221.0,117.0
149.0,117.0,149.0,84.0,219.0,84.0,219.0,117.0
146.0,118.0,146.0,85.0,216.0,85.0,216.0,118.0
143.0,118.0,143.0,85.0,214.0,85.0,214.0,118.0
140.0,118.0,140.0,85.0,211.0,85.0,211.0,118.0
137.0,119.0,137.0,86.0,209.0,86.0,209.0,119.0
134.0,119.0,134.0,86.0,206.0,86.0,206.0,119.0
131.0,119.0,131.0,86.0,204.0,86.0,204.0,119.0
128.0,119.0,128.0,86.0,201.0,86.0,201.0,119.0
125.0,120.0,125.0,87.0,199.0,87.0,199.0,120.0
122.0,120.0,122.0,87.0,196.0,87.0,196.0,120.0
119.0,120.0,119.0,87.0,194.0,87.0,194.0,120.0
116.0,121.0,116.0,88.0,191.0,88.0,191.0,121.0
113.0,121.0,113.0,88.0,189.0,88.0,189.0,121.0
110.0,121.0,110.0,88.0,186.0,88.0,186.0,121.0
107.0,122.0,107.0,89.0,184.0,89.0,184.0,122.0
105.0,121.0,105.0,88.0,180.0,88.0,180.0,121.0
103.0,121.0,103.0,88.0,177.0,88.0,177.0,121.0
101.0,122.0,101.0,88.0,174.0,88.0,174.0,122.0
99.0,122.0,99.0,88.0,171.0,88.0,171.0,122.0
97.0,123.0,97.0,88.0,167.0,88.0,167.0,123.0
95.0,123.0,95.0,88.0,164.0,88.0,164.0,123.0
93.0,124.0,93.0,88.0,161.0,88.0,161.0,124.0
91.0,124.0,91.0,88.0,158.0,88.0,158.0,124.0
89.0,125.0,89.0,88.0,155.0,88.0,155.0,125.0
87.0,124.0,87.0,88.0,152.0,88.0,152.0,124.0
85.0,123.0,85.0,88.0,149.0,88.0,149.0,123.0
84.0,123.0,84.0,88.0,147.0,88.0,147.0,123.0
82.0,122.0,82.0,88.0,144.0,88.0,144.0,122.0
81.0,121.0,81.0,88.0,143.0,88.0,143.0,121.0
79.0,121.0,79.0,88.0,140.0,88.0,140.0,121.0
78.0,120.0,78.0,88.0,138.0,88.0,138.0,120.0
76.0,119.0,76.0,88.0,135.0,88.0,135.0,119.0
75.0,120.0,75.0,89.0,134.0,89.0,134.0,120.0
75.0,119.0,75.0,88.0,131.0,88.0,131.0,119.0
75.0,119.0,75.0,88.0,129.0,88.0,129.0,119.0
75.0,119.0,75.0,87.0,126.0,87.0,126.0,119.0
76.0,119.0,76.0,87.0,125.0,87.0,125.0,119.0
76.0,120.0,76.0,87.0,122.0,87.0,122.0,120.0
76.0,119.0,76.0,86.0,120.0,86.0,120.0,119.0
77.0,120.0,77.0,86.0,118.0,86.0,118.0,120.0
77.0,119.0,77.0,85.0,116.0,85.0,116.0,119.0
77.0,120.0,77.0,85.0,113.0,85.0,113.0,120.0
78.0,120.0,78.0,85.0,112.0,85.0,112.0,120.0
78.0,120.0,78.0,84.0,109.0,84.0,109.0,120.0
78.0,120.0,78.0,84.0,107.0,84.0,107.0,120.0
79.0,121.0,79.0,84.0,106.0,84.0,106.0,121.0
79.0,119.0,79.0,82.0,104.0,82.0,104.0,119.0
80.0,117.0,80.0,80.0,104.0,80.0,104.0,117.0
81.0,116.0,81.0,79.0,103.0,79.0,103.0,116.0
82.0,114.0,82.0,77.0,103.0,77.0,103.0,114.0
83.0,112.0,83.0,75.0,102.0,75.0,102.0,112.0
84.0,112.0,84.0,74.0,102.0,74.0,102.0,112.0
83.0,110.0,83.0,73.0,104.0,73.0,104.0,110.0
82.0,109.0,82.0,72.0,107.0,72.0,107.0,109.0
81.0,108.0,81.0,71.0,110.0,71.0,110.0,108.0
80.0,107.0,80.0,70.0,113.0,70.0,113.0,107.0
79.0,106.0,79.0,69.0,116.0,69.0,116.0,106.0
78.0,105.0,78.0,68.0,119.0,68.0,119.0,105.0
77.0,104.0,77.0,67.0,122.0,67.0,122.0,104.0
76.0,102.0,76.0,66.0,124.0,66.0,124.0,102.0
75.0,101.0,75.0,65.0,127.0,65.0,127.0,101.0
74.0,100.0,74.0,64.0,130.0,64.0,130.0,100.0
73.0,99.0,73.0,63.0,133.0,63.0,133.0,99.0
72.0,98.0,72.0,62.0,136.0,62.0,136.0,98.0
71.0,97.0,71.0,61.0,139.0,61.0,139.0,97.0
71.0,96.0,71.0,60.0,143.0,60.0,143.0,96.0
76.0,93.0,76.0,58.0,148.0,58.0,148.0,93.0
81.0,92.0,81.0,57.0,153.0,57.0,153.0,92.0
86.0,91.0,86.0,56.0,158.0,56.0,158.0,91.0
91.0,89.0,91.0,54.0,164.0,54.0,164.0,89.0
96.0,88.0,96.0,53.0,169.0,53.0,169.0,88.0
101.0,86.0,101.0,52.0,174.0,52.0,174.0,86.0
106.0,84.0,106.0,50.0,180.0,50.0,180.0,84.0
111.0,83.0,111.0,49.0,185.0,49.0,185.0,83.0
116.0,82.0,116.0,48.0,190.0,48.0,190.0,82.0
121.0,81.0,121.0,47.0,196.0,47.0,196.0,81.0
126.0,80.0,126.0,46.0,198.0,46.0,198.0,80.0
132.0,80.0,132.0,46.0,202.0,46.0,202.0,80.0
137.0,79.0,137.0,45.0,205.0,45.0,205.0,79.0
143.0,79.0,143.0,45.0,209.0,45.0,209.0,79.0
148.0,78.0,148.0,44.0,212.0,44.0,212.0,78.0
154.0,78.0,154.0,44.0,215.0,44.0,215.0,78.0
160.0,78.0,160.0,44.0,219.0,44.0,219.0,78.0
165.0,77.0,165.0,43.0,222.0,43.0,222.0,77.0
171.0,77.0,171.0,43.0,226.0,43.0,226.0,77.0
176.0,76.0,176.0,42.0,229.0,42.0,229.0,76.0
182.0,76.0,182.0,42.0,232.0,42.0,232.0,76.0
188.0,76.0,188.0,42.0,236.0,42.0,236.0,76.0
193.0,75.0,193.0,41.0,239.0,41.0,239.0,75.0
199.0,75.0,199.0,41.0,243.0,41.0,243.0,75.0
204.0,74.0,204.0,40.0,246.0,40.0,246.0,74.0
210.0,74.0,210.0,40.0,250.0,40.0,250.0,74.0
216.0,74.0,216.0,40.0,253.0,40.0,253.0,74.0
221.0,73.0,221.0,39.0,256.0,39.0,256.0,73.0
227.0,73.0,227.0,39.0,260.0,39.0,260.0,73.0
232.0,72.0,232.0,38.0,263.0,38.0,263.0,72.0
238.0,72.0,238.0,38.0,267.0,38.0,267.0,72.0
244.0,72.0,244.0,38.0,271.0,38.0,271.0,72.0
