207.0,220.0,207.0,117.0,236.0,117.0,236.0,220.0
205.0,218.0,205.0,115.0,234.0,115.0,234.0,218.0
204.0,217.0,204.0,114.0,233.0,114.0,233.0,217.0
203.0,216.0,203.0,113.0,232.0,113.0,232.0,216.0
202.0,215.0,202.0,112.0,231.0,112.0,231.0,215.0
201.0,214.0,201.0,111.0,230.0,111.0,230.0,214.0
200.0,213.0,200.0,110.0,229.0,110.0,229.0,213.0
201.0,212.0,201.0,109.0,230.0,109.0,230.0,212.0
203.0,212.0,203.0,109.0,232.0,109.0,232.0,212.0
204.0,211.0,204.0,108.0,233.0,108.0,233.0,211.0
206.0,211.0,206.0,108.0,235.0,108.0,235.0,211.0
208.0,211.0,208.0,108.0,237.0,108.0,237.0,211.0
209.0,210.0,209.0,107.0,238.0,107.0,238.0,210.0
211.0,210.0,211.0,107.0,240.0,107.0,240.0,210.0
213.0,210.0,213.0,107.0,242.0,107.0,242.0,210.0
212.0,210.0,212.0,107.0,241.0,107.0,241.0,210.0
211.0,210.0,211.0,107.0,240.0,107.0,240.0,210.0
210.0,210.0,210.0,107.0,239.0,107.0,239.0,210.0
210.0,209.0,210.0,106.0,239.0,106.0,239.0,209.0
210.0,208.0,210.0,105.0,239.0,105.0,239.0,208.0
210.0,207.0,210.0,104.0,239.0,104.0,239.0,207.0
210.0,206.0,210.0,103.0,239.0,103.0,239.0,206.0
210.0,206.0,210.0,103.0,239.0,103.0,239.0,206.0
210.0,205.0,210.0,102.0,239.0,102.0,239.0,205.0
210.0,204.0,210.0,101.0,239.0,101.0,239.0,204.0
210.0,203.0,210.0,100.0,239.0,100.0,239.0,203.0
211.0,203.0,211.0,100.0,240.0,100.0,240.0,203.0
211.0,202.0,211.0,99.0,240.0,99.0,240.0,202.0
212.0,202.0,212.0,99.0,241.0,99.0,241.0,202.0
212.0,201.0,212.0,98.0,241.0,98.0,241.0,201.0
213.0,201.0,213.0,98.0,242.0,98.0,242.0,201.0
214.0,200.0,214.0,97.0,243.0,97.0,243.0,200.0
214.0,200.0,214.0,97.0,243.0,97.0,243.0,200.0
215.0,199.0,215.0,96.0,244.0,96.0,244.0,199.0
215.0,199.0,215.0,96.0,244.0,96.0,244.0,199.0
216.0,198.0,216.0,95.0,245.0,95.0,245.0,198.0
217.0,198.0,217.0,95.0,246.0,95.0,246.0,198.0
217.0,197.0,217.0,94.0,246.0,94.0,246.0,197.0
218.0,197.0,218.0,94.0,247.0,94.0,247.0,197.0
219.0,197.0,219.0,94.0,248.0,94.0,248.0,197.0
218.0,199.0,218.0,96.0,247.0,96.0,247.0,199.0
218.0,201.0,218.0,98.0,247.0,98.0,247.0,201.0
218.0,203.0,218.0,100.0,247.0,100.0,247.0,203.0
218.0,205.0,218.0,102.0,247.0,102.0,247.0,205.0
218.0,207.0,218.0,104.0,247.0,104.0,247.0,207.0
218.0,208.0,218.0,105.0,247.0,105.0,247.0,208.0
218.0,210.0,218.0,107.0,247.0,107.0,247.0,210.0
218.0,212.0,218.0,109.0,247.0,109.0,247.0,212.0
215.0,211.0,215.0,108.0,244.0,108.0,244.0,211.0
213.0,210.0,213.0,107.0,242.0,107.0,242.0,210.0
211.0,210.0,211.0,107.0,240.0,107.0,240.0,210.0
207.0,208.0,207.0,105.0,236.0,105.0,236.0,208.0
204.0,207.0,204.0,104.0,233.0,104.0,233.0,207.0
201.0,205.0,201.0,102.0,230.0,102.0,230.0,205.0
198.0,204.0,198.0,101.0,227.0,101.0,227.0,204.0
195.0,203.0,195.0,100.0,224.0,100.0,224.0,203.0
195.0,204.0,195.0,101.0,224.0,101.0,224.0,204.0
195.0,206.0,195.0,103.0,224.0,103.0,224.0,206.0
196.0,207.0,196.0,104.0,225.0,104.0,225.0,207.0
196.0,209.0,196.0,106.0,225.0,106.0,225.0,209.0
196.0,210.0,196.0,107.0,225.0,107.0,225.0,210.0
197.0,212.0,197.0,109.0,226.0,109.0,226.0,212.0
197.0,211.0,197.0,108.0,226.0,108.0,226.0,211.0
197.0,210.0,197.0,107.0,226.0,107.0,226.0,210.0
197.0,209.0,197.0,107.0,226.0,107.0,226.0,209.0
197.0,208.0,197.0,106.0,226.0,106.0,226.0,208.0
197.0,208.0,197.0,106.0,226.0,106.0,226.0,208.0
199.0,206.0,199.0,105.0,228.0,105.0,228.0,206.0
202.0,205.0,202.0,104.0,231.0,104.0,231.0,205.0
204.0,203.0,204.0,103.0,233.0,103.0,233.0,203.0
210.0,202.33,210.0,102.67,239.0,102.67,239.0,202.33
216.0,201.67,216.0,102.33,245.0,102.33,245.0,201.67
222.0,201.0,222.0,102.0,251.0,102.0,251.0,201.0
220.0,198.5,220.0,100.5,249.0,100.5,249.0,198.5
218.0,196.0,218.0,99.0,247.0,99.0,247.0,196.0
212.0,195.0,212.0,98.0,241.0,98.0,241.0,195.0
207.0,195.0,207.0,98.0,236.0,98.0,236.0,195.0
201.0,194.0,201.0,97.0,230.0,97.0,230.0,194.0
196.0,194.0,196.0,97.0,225.0,97.0,225.0,194.0
196.0,190.0,196.0,93.0,225.0,93.0,225.0,190.0
197.0,187.0,197.0,89.0,226.0,89.0,226.0,187.0
197.0,184.0,197.0,86.0,226.0,86.0,226.0,184.0
198.0,180.0,198.0,82.0,227.0,82.0,227.0,180.0
198.0,177.0,198.0,78.0,227.0,78.0,227.0,177.0
199.0,174.0,199.0,75.0,228.0,75.0,228.0,174.0
200.0,173.0,200.0,75.0,229.0,75.0,229.0,173.0
201.0,172.0,201.0,75.0,230.0,75.0,230.0,172.0
203.0,172.0,203.0,75.0,232.0,75.0,232.0,172.0
202.0,176.0,202.0,79.0,231.0,79.0,231.0,176.0
202.0,180.0,202.0,84.0,231.0,84.0,231.0,180.0
201.0,184.0,201.0,88.0,230.0,88.0,230.0,184.0
201.0,188.0,201.0,93.0,230.0,93.0,230.0,188.0
202.0,190.0,202.0,96.0,231.0,96.0,231.0,190.0
203.0,193.0,203.0,99.0,232.0,99.0,232.0,193.0
204.0,196.0,204.0,102.0,233.0,102.0,233.0,196.0
205.0,199.0,205.0,105.0,234.0,105.0,234.0,199.0
207.0,202.0,207.0,109.0,236.0,109.0,236.0,202.0
206.0,206.0,206.0,113.0,235.0,113.0,235.0,206.0
205.0,210.0,205.0,117.0,234.0,117.0,234.0,210.0
204.0,214.0,204.0,121.0,233.0,121.0,233.0,214.0
203.0,218.0,203.0,125.0,232.0,125.0,232.0,218.0
202.0,218.0,202.0,125.0,231.0,125.0,231.0,218.0
202.0,218.0,202.0,125.0,231.0,125.0,231.0,218.0
202.0,219.0,202.0,126.0,231.0,126.0,231.0,219.0
202.0,219.0,202.0,126.0,231.0,126.0,231.0,219.0
201.0,219.0,201.0,126.0,230.0,126.0,230.0,219.0
201.0,220.0,201.0,127.0,230.0,127.0,230.0,220.0
201.0,220.0,201.0,127.0,230.0,127.0,230.0,220.0
201.0,221.0,201.0,128.0,230.0,128.0,230.0,221.0
201.0,219.0,201.0,126.0,230.0,126.0,230.0,219.0
201.0,218.0,201.0,125.0,230.0,125.0,230.0,218.0
201.0,217.0,201.0,124.0,230.0,124.0,230.0,217.0
202.0,216.0,202.0,123.0,231.0,123.0,231.0,216.0
202.0,215.0,202.0,122.0,231.0,122.0,231.0,215.0
202.0,214.0,202.0,121.0,231.0,121.0,231.0,214.0
202.0,212.0,202.0,119.0,231.0,119.0,231.0,212.0
203.0,211.0,203.0,118.0,232.0,118.0,232.0,211.0
203.0,210.0,203.0,117.0,232.0,117.0,232.0,210.0
203.0,209.0,203.0,116.0,232.0,116.0,232.0,209.0
203.0,208.0,203.0,115.0,232.0,115.0,232.0,208.0
204.0,207.0,204.0,114.0,233.0,114.0,233.0,207.0
205.0,208.0,205.0,115.0,234.0,115.0,234.0,208.0
207.0,209.0,207.0,116.0,236.0,116.0,236.0,209.0
208.0,210.0,208.0,117.0,237.0,117.0,237.0,210.0
210.0,211.0,210.0,118.0,239.0,118.0,239.0,211.0
211.0,212.0,211.0,119.0,240.0,119.0,240.0,212.0
213.0,213.0,213.0,120.0,242.0,120.0,242.0,213.0
215.0,214.0,215.0,121.0,244.0,121.0,244.0,214.0
216.0,215.0,216.0,122.0,245.0,122.0,245.0,215.0
218.0,216.0,218.0,123.0,247.0,123.0,247.0,216.0
219.0,217.0,219.0,124.0,248.0,124.0,248.0,217.0
221.0,218.0,221.0,125.0,250.0,125.0,250.0,218.0
223.0,219.0,223.0,126.0,252.0,126.0,252.0,219.0
223.0,218.0,223.0,125.0,252.0,125.0,252.0,218.0
224.0,218.0,224.0,125.0,253.0,125.0,253.0,218.0
225.0,218.0,225.0,125.0,254.0,125.0,254.0,218.0
226.0,218.0,226.0,125.0,255.0,125.0,255.0,218.0
227.0,218.0,227.0,125.0,256.0,125.0,256.0,218.0
228.0,218.0,228.0,125.0,257.0,125.0,257.0,218.0
229.0,218.0,229.0,125.0,258.0,125.0,258.0,218.0
230.0,218.0,230.0,125.0,259.0,125.0,259.0,218.0
229.0,216.0,229.0,123.0,258.0,123.0,258.0,216.0
229.0,215.0,229.0,122.0,258.0,122.0,258.0,215.0
229.0,214.0,229.0,121.0,258.0,121.0,258.0,214.0
229.0,213.0,229.0,120.0,258.0,120.0,258.0,213.0
229.0,212.0,229.0,119.0,258.0,119.0,258.0,212.0
229.0,211.0,229.0,118.0,258.0,118.0,258.0,211.0
229.0,210.0,229.0,117.0,258.0,117.0,258.0,210.0
229.0,209.0,229.0,116.0,258.0,116.0,258.0,209.0
229.0,208.0,229.0,115.0,258.0,115.0,258.0,208.0
229.0,207.0,229.0,114.0,258.0,114.0,258.0,207.0
229.0,206.0,229.0,113.0,258.0,113.0,258.0,206.0
229.0,205.0,229.0,112.0,258.0,112.0,258.0,205.0
229.0,204.0,229.0,111.0,258.0,111.0,258.0,204.0
229.0,203.0,229.0,110.0,258.0,110.0,258.0,203.0
229.0,202.0,229.0,109.0,258.0,109.0,258.0,202.0
229.0,202.0,229.0,109.0,258.0,109.0,258.0,202.0
229.0,202.0,229.0,109.0,258.0,109.0,258.0,202.0
229.0,201.0,229.0,108.0,258.0,108.0,258.0,201.0
229.0,201.0,229.0,108.0,258.0,108.0,258.0,201.0
229.0,201.0,229.0,108.0,258.0,108.0,258.0,201.0
229.0,200.0,229.0,107.0,258.0,107.0,258.0,200.0
229.0,200.0,229.0,107.0,258.0,107.0,258.0,200.0
230.0,200.0,230.0,107.0,259.0,107.0,259.0,200.0
230.0,200.0,230.0,107.0,259.0,107.0,259.0,200.0
230.0,199.0,230.0,106.0,259.0,106.0,259.0,199.0
230.0,199.0,230.0,106.0,259.0,106.0,259.0,199.0
230.0,199.0,230.0,106.0,259.0,106.0,259.0,199.0
230.0,198.0,230.0,105.0,259.0,105.0,259.0,198.0
230.0,198.0,230.0,105.0,259.0,105.0,259.0,198.0
230.0,198.0,230.0,105.0,259.0,105.0,259.0,198.0
231.0,198.0,231.0,105.0,260.0,105.0,260.0,198.0
229.0,197.0,229.0,104.0,258.0,104.0,258.0,197.0
228.0,197.0,228.0,104.0,257.0,104.0,257.0,197.0
226.0,197.0,226.0,104.0,255.0,104.0,255.0,197.0
225.0,197.0,225.0,104.0,254.0,104.0,254.0,197.0
223.0,196.0,223.0,103.0,252.0,103.0,252.0,196.0
222.0,196.0,222.0,103.0,251.0,103.0,251.0,196.0
221.0,196.0,221.0,103.0,250.0,103.0,250.0,196.0
219.0,196.0,219.0,103.0,248.0,103.0,248.0,196.0
218.0,195.0,218.0,102.0,247.0,102.0,247.0,195.0
216.0,195.0,216.0,102.0,245.0,102.0,245.0,195.0
215.0,195.0,215.0,102.0,244.0,102.0,244.0,195.0
214.0,195.0,214.0,102.0,243.0,102.0,243.0,195.0
213.0,195.0,213.0,102.0,242.0,102.0,242.0,195.0
213.0,195.0,213.0,102.0,242.0,102.0,242.0,195.0
213.0,195.0,213.0,102.0,242.0,102.0,242.0,195.0
213.0,195.0,213.0,102.0,242.0,102.0,242.0,195.0
212.0,196.0,212.0,103.0,241.0,103.0,241.0,196.0
212.0,196.0,212.0,103.0,241.0,103.0,241.0,196.0
212.0,196.0,212.0,103.0,241.0,103.0,241.0,196.0
212.0,196.0,212.0,103.0,241.0,103.0,241.0,196.0
212.0,196.0,212.0,103.0,241.0,103.0,241.0,196.0
211.0,197.0,211.0,104.0,240.0,104.0,240.0,197.0
211.0,197.0,211.0,104.0,240.0,104.0,240.0,197.0
211.0,197.0,211.0,104.0,240.0,104.0,240.0,197.0
211.0,197.0,211.0,104.0,240.0,104.0,240.0,197.0
211.0,197.0,211.0,104.0,240.0,104.0,240.0,197.0
210.0,198.0,210.0,105.0,239.0,105.0,239.0,198.0
210.0,198.0,210.0,105.0,239.0,105.0,239.0,198.0
210.0,198.0,210.0,105.0,239.0,105.0,239.0,198.0
210.0,198.0,210.0,105.0,239.0,105.0,239.0,198.0
210.0,199.0,210.0,106.0,239.0,106.0,239.0,199.0
209.0,198.0,209.0,106.0,238.0,106.0,238.0,198.0
208.0,198.0,208.0,106.0,237.0,106.0,237.0,198.0
207.0,198.0,207.0,107.0,236.0,107.0,236.0,198.0
207.0,198.0,207.0,107.0,236.0,107.0,236.0,198.0
206.0,197.0,206.0,107.0,235.0,107.0,235.0,197.0
205.0,197.0,205.0,108.0,234.0,108.0,234.0,197.0
204.0,197.0,204.0,108.0,233.0,108.0,233.0,197.0
204.0,197.0,204.0,109.0,233.0,109.0,233.0,197.0
203.0,202.0,203.0,112.0,232.0,112.0,232.0,202.0
202.0,207.0,202.0,115.0,231.0,115.0,231.0,207.0
202.0,212.0,202.0,119.0,231.0,119.0,231.0,212.0
202.0,215.0,202.0,122.0,231.0,122.0,231.0,215.0
202.0,218.0,202.0,125.0,231.0,125.0,231.0,218.0
202.0,221.0,202.0,128.0,231.0,128.0,231.0,221.0
202.0,225.0,202.0,132.0,231.0,132.0,231.0,225.0
202.0,225.0,202.0,132.0,231.0,132.0,231.0,225.0
202.0,225.0,202.0,132.0,231.0,132.0,231.0,225.0
202.0,225.0,202.0,132.0,231.0,132.0,231.0,225.0
203.0,225.0,203.0,132.0,232.0,132.0,232.0,225.0
203.0,225.0,203.0,132.0,232.0,132.0,232.0,225.0
203.0,225.0,203.0,132.0,232.0,132.0,232.0,225.0
204.0,226.0,204.0,133.0,233.0,133.0,233.0,226.0
203.0,226.0,203.0,133.0,232.0,133.0,232.0,226.0
202.0,226.0,202.0,133.0,231.0,133.0,231.0,226.0
201.0,226.0,201.0,133.0,230.0,133.0,230.0,226.0
200.0,226.0,200.0,133.0,229.0,133.0,229.0,226.0
200.0,226.0,200.0,133.0,229.0,133.0,229.0,226.0
199.0,226.0,199.0,133.0,228.0,133.0,228.0,226.0
198.0,226.0,198.0,133.0,227.0,133.0,227.0,226.0
197.0,226.0,197.0,133.0,226.0,133.0,226.0,226.0
197.0,226.0,197.0,133.0,226.0,133.0,226.0,226.0
196.0,226.0,196.0,133.0,225.0,133.0,225.0,226.0
195.0,226.0,195.0,133.0,224.0,133.0,224.0,226.0
194.0,226.0,194.0,133.0,223.0,133.0,223.0,226.0
194.0,226.0,194.0,133.0,223.0,133.0,223.0,226.0
193.0,226.0,193.0,133.0,222.0,133.0,222.0,226.0
192.0,226.0,192.0,133.0,221.0,133.0,221.0,226.0
191.0,226.0,191.0,133.0,220.0,133.0,220.0,226.0
191.0,227.0,191.0,134.0,220.0,134.0,220.0,227.0
192.0,226.0,192.0,133.0,221.0,133.0,221.0,226.0
194.0,226.0,194.0,133.0,223.0,133.0,223.0,226.0
195.0,225.0,195.0,132.0,224.0,132.0,224.0,225.0
197.0,225.0,197.0,132.0,226.0,132.0,226.0,225.0
198.0,224.0,198.0,131.0,227.0,131.0,227.0,224.0
200.0,224.0,200.0,131.0,229.0,131.0,229.0,224.0
202.0,224.0,202.0,131.0,231.0,131.0,231.0,224.0
203.0,223.0,203.0,130.0,232.0,130.0,232.0,223.0
205.0,223.0,205.0,130.0,234.0,130.0,234.0,223.0
206.0,222.0,206.0,129.0,235.0,129.0,235.0,222.0
208.0,222.0,208.0,129.0,237.0,129.0,237.0,222.0
210.0,222.0,210.0,129.0,239.0,129.0,239.0,222.0
210.0,219.0,210.0,127.0,239.0,127.0,239.0,219.0
210.0,217.0,210.0,126.0,239.0,126.0,239.0,217.0
210.0,214.0,210.0,125.0,239.0,125.0,239.0,214.0
210.0,212.0,210.0,124.0,239.0,124.0,239.0,212.0
210.0,209.0,210.0,123.0,239.0,123.0,239.0,209.0
210.0,207.0,210.0,122.0,239.0,122.0,239.0,207.0
209.0,208.0,209.0,122.0,238.0,122.0,238.0,208.0
208.0,209.0,208.0,122.0,237.0,122.0,237.0,209.0
207.0,210.0,207.0,122.0,236.0,122.0,236.0,210.0
207.0,211.0,207.0,122.0,236.0,122.0,236.0,211.0
206.0,212.0,206.0,122.0,235.0,122.0,235.0,212.0
205.0,213.0,205.0,122.0,234.0,122.0,234.0,213.0
204.0,214.0,204.0,122.0,233.0,122.0,233.0,214.0
204.0,215.0,204.0,122.0,233.0,122.0,233.0,215.0
202.0,214.0,202.0,122.0,231.0,122.0,231.0,214.0
200.83,213.6,200.83,121.97,229.8,121.97,229.8,213.6
199.65,213.21,199.65,121.94,228.61,121.94,228.61,213.21
198.48,212.81,198.48,121.91,227.41,121.91,227.41,212.81
197.3,212.42,197.3,121.89,226.22,121.89,226.22,212.42
196.13,212.02,196.13,121.86,225.02,121.86,225.02,212.02
194.95,211.62,194.95,121.83,223.83,121.83,223.83,211.62
193.78,211.23,193.78,121.8,222.63,121.8,222.63,211.23
192.6,210.83,192.6,121.77,221.44,121.77,221.44,210.83
191.43,210.44,191.43,121.74,220.24,121.74,220.24,210.44
190.08,208.68,190.08,120.35,218.88,120.35,218.88,208.68
188.74,206.92,188.74,118.97,217.52,118.97,217.52,206.92
187.39,205.17,187.39,117.58,216.15,117.58,216.15,205.17
186.05,203.41,186.05,116.19,214.79,116.19,214.79,203.41
184.71,201.66,184.71,114.8,213.42,114.8,213.42,201.66
183.36,199.9,183.36,113.41,212.06,113.41,212.06,199.9
182.02,198.15,182.02,112.02,210.69,112.02,210.69,198.15
180.67,196.39,180.67,110.64,209.33,110.64,209.33,196.39
179.33,194.64,179.33,109.25,207.96,109.25,207.96,194.64
177.98,192.88,177.98,107.86,206.6,107.86,206.6,192.88
176.64,191.12,176.64,106.47,205.23,106.47,205.23,191.12
175.29,189.37,175.29,105.08,203.87,105.08,203.87,189.37
173.95,187.61,173.95,103.7,202.5,103.7,202.5,187.61
172.61,185.86,172.61,102.31,201.14,102.31,201.14,185.86
171.26,184.1,171.26,100.92,199.77,100.92,199.77,184.1
169.92,182.35,169.92,99.53,198.41,99.53,198.41,182.35
168.57,180.59,168.57,98.14,197.04,98.14,197.04,180.59
167.38,179.5,167.38,97.42,195.83,97.42,195.83,179.5
166.18,178.41,166.18,96.69,194.61,96.69,194.61,178.41
164.99,177.31,164.99,95.97,193.4,95.97,193.4,177.31
163.79,176.22,163.79,95.24,192.18,95.24,192.18,176.22
162.6,175.13,162.6,94.51,190.96,94.51,190.96,175.13
161.4,174.03,161.4,93.79,189.75,93.79,189.75,174.03
160.21,172.94,160.21,93.06,188.53,93.06,188.53,172.94
159.01,171.85,159.01,92.34,187.32,92.34,187.32,171.85
157.82,170.76,157.82,91.61,186.1,91.61,186.1,170.76
156.62,169.66,156.62,90.89,184.89,90.89,184.89,169.66
155.43,168.57,155.43,90.16,183.67,90.16,183.67,168.57
154.06,168.52,154.06,90.48,182.28,90.48,182.28,168.52
152.69,168.47,152.69,90.8,180.89,90.8,180.89,168.47
151.32,168.43,151.32,91.12,179.51,91.12,179.51,168.43
149.95,168.38,149.95,91.44,178.12,91.44,178.12,168.38
148.58,168.33,148.58,91.76,176.73,91.76,176.73,168.33
147.21,168.28,147.21,92.08,175.34,92.08,175.34,168.28
145.85,168.24,145.85,92.4,173.95,92.4,173.95,168.24
144.48,168.19,144.48,92.72,172.56,92.72,172.56,168.19
143.11,168.14,143.11,93.04,171.17,93.04,171.17,168.14
141.74,168.09,141.74,93.36,169.78,93.36,169.78,168.09
140.37,168.05,140.37,93.68,168.39,93.68,168.39,168.05
139.0,168.0,139.0,94.0,167.0,94.0,167.0,168.0
139.0,169.0,139.0,93.0,167.0,93.0,167.0,169.0
138.0,170.0,138.0,93.0,166.0,93.0,166.0,170.0
137.0,170.0,137.0,93.0,165.0,93.0,165.0,170.0
136.0,171.0,136.0,93.0,164.0,93.0,164.0,171.0
136.0,172.0,136.0,92.0,164.0,92.0,164.0,172.0
135.0,173.0,135.0,92.0,163.0,92.0,163.0,173.0
134.0,174.0,134.0,92.0,162.0,92.0,162.0,174.0
134.0,175.0,134.0,92.0,162.0,92.0,162.0,175.0
134.0,176.0,134.0,93.0,162.0,93.0,162.0,176.0
135.0,177.0,135.0,94.0,163.0,94.0,163.0,177.0
136.0,179.0,136.0,96.0,164.0,96.0,164.0,179.0
137.0,180.0,137.0,97.0,165.0,97.0,165.0,180.0
138.0,182.0,138.0,99.0,166.0,99.0,166.0,182.0
138.0,183.0,138.0,100.0,167.0,100.0,167.0,183.0
139.0,185.0,139.0,102.0,168.0,102.0,168.0,185.0
140.0,186.0,140.0,103.0,169.0,103.0,169.0,186.0
141.0,188.0,141.0,105.0,170.0,105.0,170.0,188.0
142.0,189.0,142.0,106.0,171.0,106.0,171.0,189.0
143.0,191.0,143.0,108.0,172.0,108.0,172.0,191.0
148.0,191.0,148.0,108.0,177.0,108.0,177.0,191.0
153.0,191.0,153.0,108.0,183.0,108.0,183.0,191.0
159.0,191.0,159.0,108.0,188.0,108.0,188.0,191.0
164.0,191.0,164.0,108.0,194.0,108.0,194.0,191.0
170.0,191.0,170.0,108.0,200.0,108.0,200.0,191.0
168.0,191.0,168.0,108.0,199.0,108.0,199.0,191.0
166.0,191.0,166.0,108.0,198.0,108.0,198.0,191.0
165.0,191.0,165.0,108.0,197.0,108.0,197.0,191.0
163.0,191.0,163.0,108.0,196.0,108.0,196.0,191.0
162.0,192.0,162.0,109.0,195.0,109.0,195.0,192.0
159.0,192.0,159.0,107.0,192.0,107.0,192.0,192.0
156.0,193.0,156.0,106.0,189.0,106.0,189.0,193.0
153.0,193.0,153.0,105.0,186.0,105.0,186.0,193.0
151.0,194.0,151.0,104.0,184.0,104.0,184.0,194.0
148.0,194.0,148.0,103.0,181.0,103.0,181.0,194.0
145.0,195.0,145.0,102.0,178.0,102.0,178.0,195.0
142.0,195.0,142.0,101.0,175.0,101.0,175.0,195.0
140.0,196.0,140.0,100.0,173.0,100.0,173.0,196.0
141.0,196.0,141.0,100.0,174.0,100.0,174.0,196.0
142.0,197.0,142.0,101.0,175.0,101.0,175.0,197.0
143.0,198.0,143.0,102.0,176.0,102.0,176.0,198.0
142.0,196.0,142.0,100.0,175.0,100.0,175.0,196.0
141.0,194.0,141.0,98.0,174.0,98.0,174.0,194.0
140.0,192.0,140.0,96.0,173.0,96.0,173.0,192.0
140.0,191.0,140.0,95.0,173.0,95.0,173.0,191.0
139.0,189.0,139.0,93.0,172.0,93.0,172.0,189.0
138.0,187.0,138.0,91.0,171.0,91.0,171.0,187.0
138.0,186.0,138.0,90.0,171.0,90.0,171.0,186.0
141.0,186.0,141.0,90.0,174.0,90.0,174.0,186.0
145.0,186.0,145.0,90.0,178.0,90.0,178.0,186.0
149.0,186.0,149.0,90.0,182.0,90.0,182.0,186.0
151.0,189.0,151.0,93.0,184.0,93.0,184.0,189.0
153.0,193.0,153.0,97.0,186.0,97.0,186.0,193.0
156.0,197.0,156.0,101.0,189.0,101.0,189.0,197.0
158.0,201.0,158.0,105.0,191.0,105.0,191.0,201.0
161.0,205.0,161.0,109.0,194.0,109.0,194.0,205.0
161.0,207.0,161.0,111.0,194.0,111.0,194.0,207.0
161.0,209.0,161.0,113.0,194.0,113.0,194.0,209.0
161.0,211.0,161.0,115.0,194.0,115.0,194.0,211.0
162.0,213.0,162.0,117.0,195.0,117.0,195.0,213.0
160.0,214.0,160.0,118.0,193.0,118.0,193.0,214.0
159.0,215.0,159.0,119.0,192.0,119.0,192.0,215.0
157.0,216.0,157.0,120.0,190.0,120.0,190.0,216.0
156.0,217.0,156.0,121.0,189.0,121.0,189.0,217.0
154.0,218.0,154.0,122.0,187.0,122.0,187.0,218.0
153.0,219.0,153.0,123.0,186.0,123.0,186.0,219.0
152.0,220.0,152.0,124.0,185.0,124.0,185.0,220.0
151.0,217.0,151.0,121.0,184.0,121.0,184.0,217.0
150.0,215.0,150.0,119.0,183.0,119.0,183.0,215.0
149.0,213.0,149.0,117.0,182.0,117.0,182.0,213.0
151.0,207.0,151.0,112.0,184.0,112.0,184.0,207.0
153.0,202.0,153.0,107.0,186.0,107.0,186.0,202.0
156.0,197.0,156.0,102.0,189.0,102.0,189.0,197.0
158.0,191.0,158.0,98.0,191.0,98.0,191.0,191.0
161.0,186.0,161.0,93.0,194.0,93.0,194.0,186.0
163.0,181.0,163.0,88.0,196.0,88.0,196.0,181.0
166.0,176.0,166.0,84.0,199.0,84.0,199.0,176.0
165.0,177.0,165.0,85.0,198.0,85.0,198.0,177.0
164.0,178.0,164.0,87.0,197.0,87.0,197.0,178.0
164.0,179.0,164.0,88.0,197.0,88.0,197.0,179.0
163.0,180.0,163.0,90.0,196.0,90.0,196.0,180.0
162.0,181.0,162.0,91.0,195.0,91.0,195.0,181.0
162.0,183.0,162.0,93.0,195.0,93.0,195.0,183.0
158.0,187.0,158.0,97.0,191.0,97.0,191.0,187.0
155.0,192.0,155.0,102.0,188.0,102.0,188.0,192.0
151.0,196.0,151.0,106.0,184.0,106.0,184.0,196.0
148.0,201.0,148.0,111.0,181.0,111.0,181.0,201.0
146.0,202.0,146.0,112.0,179.0,112.0,179.0,202.0
144.0,203.0,144.0,113.0,177.0,113.0,177.0,203.0
143.0,204.0,143.0,114.0,176.0,114.0,176.0,204.0
141.0,206.0,141.0,116.0,174.0,116.0,174.0,206.0
140.0,207.0,140.0,117.0,173.0,117.0,173.0,207.0
138.0,208.0,138.0,118.0,171.0,118.0,171.0,208.0
137.0,210.0,137.0,120.0,170.0,120.0,170.0,210.0
139.0,208.0,139.0,118.0,172.0,118.0,172.0,208.0
141.0,206.0,141.0,116.0,174.0,116.0,174.0,206.0
144.0,204.0,144.0,114.0,177.0,114.0,177.0,204.0
146.0,202.0,146.0,112.0,179.0,112.0,179.0,202.0
148.0,200.0,148.0,110.0,181.0,110.0,181.0,200.0
151.0,199.0,151.0,109.0,184.0,109.0,184.0,199.0
151.0,197.0,151.0,107.0,184.0,107.0,184.0,197.0
152.0,195.0,152.0,105.0,185.0,105.0,185.0,195.0
153.0,193.0,153.0,103.0,186.0,103.0,186.0,193.0
153.0,192.0,153.0,102.0,186.0,102.0,186.0,192.0
154.0,190.0,154.0,100.0,187.0,100.0,187.0,190.0
155.0,188.0,155.0,98.0,188.0,98.0,188.0,188.0
155.0,187.0,155.0,97.0,188.0,97.0,188.0,187.0
156.0,185.0,156.0,95.0,189.0,95.0,189.0,185.0
157.0,183.0,157.0,93.0,190.0,93.0,190.0,183.0
158.0,182.0,158.0,92.0,191.0,92.0,191.0,182.0
156.0,182.0,156.0,91.0,189.0,91.0,189.0,182.0
154.0,182.0,154.0,91.0,187.0,91.0,187.0,182.0
153.0,182.0,153.0,90.0,186.0,90.0,186.0,182.0
151.0,182.0,151.0,90.0,184.0,90.0,184.0,182.0
149.0,182.0,149.0,90.0,182.0,90.0,182.0,182.0
148.0,182.0,148.0,89.0,181.0,89.0,181.0,182.0
146.0,183.0,146.0,89.0,179.0,89.0,179.0,183.0
145.0,183.0,145.0,88.0,178.0,88.0,178.0,183.0
143.0,183.0,143.0,88.0,176.0,88.0,176.0,183.0
141.0,183.0,141.0,88.0,174.0,88.0,174.0,183.0
140.0,183.0,140.0,87.0,173.0,87.0,173.0,183.0
138.0,183.0,138.0,87.0,171.0,87.0,171.0,183.0
137.0,184.0,137.0,87.0,170.0,87.0,170.0,184.0
139.0,182.0,139.0,86.0,172.0,86.0,172.0,182.0
141.0,180.0,141.0,85.0,174.0,85.0,174.0,180.0
143.0,178.0,143.0,84.0,176.0,84.0,176.0,178.0
145.0,177.0,145.0,83.0,178.0,83.0,178.0,177.0
147.0,175.0,147.0,83.0,180.0,83.0,180.0,175.0
149.0,173.0,149.0,82.0,182.0,82.0,182.0,173.0
151.0,172.0,151.0,81.0,184.0,81.0,184.0,172.0
153.0,170.0,153.0,80.0,186.0,80.0,186.0,170.0
155.0,168.0,155.0,79.0,188.0,79.0,188.0,168.0
157.0,167.0,157.0,79.0,190.0,79.0,190.0,167.0
157.0,170.0,157.0,82.0,190.0,82.0,190.0,170.0
158.0,173.0,158.0,85.0,191.0,85.0,191.0,173.0
159.0,177.0,159.0,89.0,192.0,89.0,192.0,177.0
160.0,180.0,160.0,92.0,193.0,92.0,193.0,180.0
161.0,184.0,161.0,96.0,194.0,96.0,194.0,184.0
162.0,187.0,162.0,99.0,195.0,99.0,195.0,187.0
163.0,191.0,163.0,103.0,196.0,103.0,196.0,191.0
162.0,191.0,162.0,103.0,195.0,103.0,195.0,191.0
162.0,192.0,162.0,104.0,195.0,104.0,195.0,192.0
161.0,193.0,161.0,105.0,194.0,105.0,194.0,193.0
161.0,194.0,161.0,106.0,194.0,106.0,194.0,194.0
161.0,195.0,161.0,107.0,194.0,107.0,194.0,195.0
159.0,197.0,159.0,109.0,192.0,109.0,192.0,197.0
157.0,199.0,157.0,111.0,190.0,111.0,190.0,199.0
155.0,201.0,155.0,113.0,188.0,113.0,188.0,201.0
153.0,203.0,153.0,115.0,186.0,115.0,186.0,203.0
151.0,205.0,151.0,117.0,184.0,117.0,184.0,205.0
150.0,208.0,150.0,120.0,183.0,120.0,183.0,208.0
150.0,208.0,150.0,120.0,183.0,120.0,183.0,208.0
150.0,208.0,150.0,120.0,183.0,120.0,183.0,208.0
150.0,208.0,150.0,120.0,183.0,120.0,183.0,208.0
150.0,208.0,150.0,120.0,183.0,120.0,183.0,208.0
150.0,208.0,150.0,120.0,183.0,120.0,183.0,208.0
150.0,208.0,150.0,120.0,183.0,120.0,183.0,208.0
150.0,208.0,150.0,120.0,183.0,120.0,183.0,208.0
151.0,208.0,151.0,120.0,184.0,120.0,184.0,208.0
150.0,207.0,150.0,119.0,183.0,119.0,183.0,207.0
149.0,206.0,149.0,118.0,182.0,118.0,182.0,206.0
149.0,205.0,149.0,118.0,182.0,118.0,182.0,205.0
149.0,203.0,149.0,116.0,182.0,116.0,182.0,203.0
150.0,201.0,150.0,114.0,183.0,114.0,183.0,201.0
150.0,199.0,150.0,113.0,183.0,113.0,183.0,199.0
151.0,197.0,151.0,111.0,184.0,111.0,184.0,197.0
152.0,195.0,152.0,110.0,185.0,110.0,185.0,195.0
152.0,193.0,152.0,108.0,185.0,108.0,185.0,193.0
153.0,191.0,153.0,106.0,186.0,106.0,186.0,191.0
153.0,189.0,153.0,105.0,186.0,105.0,186.0,189.0
154.0,187.0,154.0,103.0,187.0,103.0,187.0,187.0
155.0,185.0,155.0,102.0,188.0,102.0,188.0,185.0
156.0,183.0,156.0,101.0,189.0,101.0,189.0,183.0
157.0,182.0,157.0,100.0,190.0,100.0,190.0,182.0
158.0,181.0,158.0,99.0,191.0,99.0,191.0,181.0
159.0,180.0,159.0,98.0,192.0,98.0,192.0,180.0
161.0,179.0,161.0,97.0,194.0,97.0,194.0,179.0
161.0,178.0,161.0,96.0,194.0,96.0,194.0,178.0
161.0,177.0,161.0,95.0,194.0,95.0,194.0,177.0
162.0,177.0,162.0,95.0,194.0,95.0,194.0,177.0
162.0,176.0,162.0,94.0,194.0,94.0,194.0,176.0
162.0,175.0,162.0,93.0,194.0,93.0,194.0,175.0
163.0,175.0,163.0,93.0,194.0,93.0,194.0,175.0
163.0,174.0,163.0,92.0,194.0,92.0,194.0,174.0
164.0,174.0,164.0,92.0,194.0,92.0,194.0,174.0
164.0,173.0,164.0,91.0,194.0,91.0,194.0,173.0
164.0,172.0,164.0,90.0,194.0,90.0,194.0,172.0
165.0,172.0,165.0,90.0,194.0,90.0,194.0,172.0
165.0,171.0,165.0,89.0,194.0,89.0,194.0,171.0
166.0,171.0,166.0,89.0,194.0,89.0,194.0,171.0
164.0,171.0,164.0,89.0,192.0,89.0,192.0,171.0
162.0,171.0,162.0,89.0,190.0,89.0,190.0,171.0
160.0,171.0,160.0,89.0,188.0,89.0,188.0,171.0
158.0,171.0,158.0,89.0,186.0,89.0,186.0,171.0
156.0,171.0,156.0,89.0,184.0,89.0,184.0,171.0
154.0,171.0,154.0,89.0,182.0,89.0,182.0,171.0
152.0,171.0,152.0,89.0,180.0,89.0,180.0,171.0
150.0,171.0,150.0,89.0,178.0,89.0,178.0,171.0
148.0,171.0,148.0,89.0,176.0,89.0,176.0,171.0
147.0,172.0,147.0,90.0,175.0,90.0,175.0,172.0
145.0,171.0,145.0,89.0,173.0,89.0,173.0,171.0
143.0,171.0,143.0,89.0,171.0,89.0,171.0,171.0
142.0,171.0,142.0,89.0,170.0,89.0,170.0,171.0
140.0,170.0,140.0,88.0,168.0,88.0,168.0,170.0
139.0,170.0,139.0,88.0,167.0,88.0,167.0,170.0
137.0,170.0,137.0,88.0,165.0,88.0,165.0,170.0
136.0,170.0,136.0,88.0,164.0,88.0,164.0,170.0
134.0,169.0,134.0,87.0,162.0,87.0,162.0,169.0
133.0,169.0,133.0,87.0,161.0,87.0,161.0,169.0
131.0,169.0,131.0,87.0,159.0,87.0,159.0,169.0
130.0,169.0,130.0,87.0,158.0,87.0,158.0,169.0
129.0,168.0,129.0,86.0,157.0,86.0,157.0,168.0
129.0,167.0,129.0,85.0,157.0,85.0,157.0,167.0
129.0,167.0,129.0,85.0,157.0,85.0,157.0,167.0
130.0,170.0,130.0,88.0,158.0,88.0,158.0,170.0
132.0,174.0,132.0,92.0,160.0,92.0,160.0,174.0
133.0,177.0,133.0,95.0,161.0,95.0,161.0,177.0
135.0,181.0,135.0,99.0,163.0,99.0,163.0,181.0
137.0,185.0,137.0,103.0,165.0,103.0,165.0,185.0
141.0,189.0,141.0,107.0,169.0,107.0,169.0,189.0
146.0,193.0,146.0,111.0,174.0,111.0,174.0,193.0
151.0,198.0,151.0,116.0,179.0,116.0,179.0,198.0
153.0,197.0,153.0,112.0,182.0,112.0,182.0,197.0
153.0,197.0,153.0,121.0,180.0,121.0,180.0,197.0
158.0,198.0,158.0,123.0,180.0,123.0,180.0,198.0
155.0,191.0,155.0,120.0,177.0,120.0,177.0,191.0
154.0,181.0,154.0,116.0,177.0,116.0,177.0,181.0
152.0,188.0,152.0,112.0,176.0,112.0,176.0,188.0
152.0,186.0,152.0,109.0,177.0,109.0,177.0,186.0
153.0,180.0,153.0,105.0,178.0,105.0,178.0,180.0
154.0,175.0,154.0,101.0,179.0,101.0,179.0,175.0
153.0,171.0,153.0,99.0,176.0,99.0,176.0,171.0
153.0,168.0,153.0,98.0,176.0,98.0,176.0,168.0
150.0,164.0,150.0,98.0,171.0,98.0,171.0,164.0
149.0,164.0,149.0,96.0,172.0,96.0,172.0,164.0
148.0,163.0,148.0,94.0,173.0,94.0,173.0,163.0
145.0,163.0,145.0,92.0,169.0,92.0,169.0,163.0
137.0,165.0,137.0,88.0,162.0,88.0,162.0,165.0
129.0,166.0,129.0,84.0,157.0,84.0,157.0,166.0
123.0,169.0,123.0,80.0,155.0,80.0,155.0,169.0
116.0,172.0,116.0,73.0,150.0,73.0,150.0,172.0
109.0,178.0,109.0,64.0,147.0,64.0,147.0,178.0
105.0,180.0,105.0,50.0,152.0,50.0,152.0,180.0
125.0,178.0,125.0,33.0,173.0,33.0,173.0,178.0
151.0,179.0,151.0,33.0,192.0,33.0,192.0,179.0
174.0,166.0,174.0,28.0,218.0,28.0,218.0,166.0
211.0,167.0,211.0,33.0,254.0,33.0,254.0,167.0
234.0,166.0,234.0,26.0,275.0,26.0,275.0,166.0
214.0,171.0,214.0,28.0,261.0,28.0,261.0,171.0
217.0,169.0,217.0,24.0,265.0,24.0,265.0,169.0
236.0,168.0,236.0,25.0,277.0,25.0,277.0,168.0
249.0,171.0,249.0,23.0,290.0,23.0,290.0,171.0
241.0,171.0,241.0,23.0,292.0,23.0,292.0,171.0
238.0,178.0,238.0,29.0,290.0,29.0,290.0,178.0
236.0,185.0,236.0,35.0,288.0,35.0,288.0,185.0
233.0,192.0,233.0,41.0,286.0,41.0,286.0,192.0
231.0,199.0,231.0,47.0,284.0,47.0,284.0,199.0
228.0,206.0,228.0,53.0,282.0,53.0,282.0,206.0
226.0,213.0,226.0,59.0,281.0,59.0,281.0,213.0
216.0,224.0,216.0,69.0,271.0,69.0,271.0,224.0
206.0,235.0,206.0,80.0,262.0,80.0,262.0,235.0
196.0,246.0,196.0,90.0,252.0,90.0,252.0,246.0
186.0,257.0,186.0,101.0,243.0,101.0,243.0,257.0
179.0,257.0,179.0,101.0,236.0,101.0,236.0,257.0
172.0,257.0,172.0,101.0,229.0,101.0,229.0,257.0
166.0,258.0,166.0,102.0,223.0,102.0,223.0,258.0
168.0,254.0,168.0,98.0,225.0,98.0,225.0,254.0
171.0,250.0,171.0,94.0,228.0,94.0,228.0,250.0
173.0,246.0,173.0,90.0,230.0,90.0,230.0,246.0
176.0,242.0,176.0,86.0,233.0,86.0,233.0,242.0
178.0,238.0,178.0,82.0,235.0,82.0,235.0,238.0
181.0,234.0,181.0,78.0,238.0,78.0,238.0,234.0
179.0,235.0,179.0,79.0,236.0,79.0,236.0,235.0
178.0,237.0,178.0,81.0,235.0,81.0,235.0,237.0
176.0,239.0,176.0,83.0,233.0,83.0,233.0,239.0
175.0,241.0,175.0,85.0,232.0,85.0,232.0,241.0
174.0,243.0,174.0,87.0,231.0,87.0,231.0,243.0
171.0,244.0,171.0,88.0,228.0,88.0,228.0,244.0
168.0,245.0,168.0,89.0,225.0,89.0,225.0,245.0
166.0,247.0,166.0,91.0,223.0,91.0,223.0,247.0
