385.5,233.5,385.5,142.5,490.5,142.5,490.5,233.5
383.72,230.94,383.72,140.91,488.41,140.91,488.41,230.94
381.94,228.39,381.94,139.31,486.32,139.31,486.32,228.39
380.17,225.83,380.17,137.72,484.24,137.72,484.24,225.83
378.39,223.28,378.39,136.13,482.15,136.13,482.15,223.28
376.61,220.72,376.61,134.53,480.06,134.53,480.06,220.72
374.83,218.17,374.83,132.94,477.98,132.94,477.98,218.17
373.05,215.61,373.05,131.35,475.89,131.35,475.89,215.61
371.27,213.06,371.27,129.75,473.8,129.75,473.8,213.06
369.49,210.5,369.49,128.16,471.71,128.16,471.71,210.5
367.72,207.94,367.72,126.56,469.62,126.56,469.62,207.94
365.94,205.39,365.94,124.97,467.54,124.97,467.54,205.39
364.16,202.83,364.16,123.38,465.45,123.38,465.45,202.83
362.38,200.28,362.38,121.78,463.36,121.78,463.36,200.28
360.6,197.72,360.6,120.19,461.28,120.19,461.28,197.72
358.83,195.17,358.83,118.6,459.19,118.6,459.19,195.17
357.05,192.61,357.05,117.0,457.1,117.0,457.1,192.61
355.27,190.05,355.27,115.41,455.01,115.41,455.01,190.05
353.49,187.5,353.49,113.82,452.92,113.82,452.92,187.5
351.71,184.94,351.71,112.22,450.84,112.22,450.84,184.94
349.93,182.39,349.93,110.63,448.75,110.63,448.75,182.39
348.15,179.83,348.15,109.04,446.66,109.04,446.66,179.83
346.38,177.28,346.38,107.44,444.58,107.44,444.58,177.28
344.6,174.72,344.6,105.85,442.49,105.85,442.49,174.72
342.82,172.17,342.82,104.26,440.4,104.26,440.4,172.17
340.8,170.85,340.8,103.31,438.55,103.31,438.55,170.85
338.79,169.54,338.79,102.37,436.7,102.37,436.7,169.54
336.77,168.23,336.77,101.43,434.85,101.43,434.85,168.23
334.76,166.92,334.76,100.49,433.0,100.49,433.0,166.92
332.74,165.61,332.74,99.55,431.15,99.55,431.15,165.61
330.73,164.3,330.73,98.6,429.3,98.6,429.3,164.3
328.71,162.99,328.71,97.66,427.44,97.66,427.44,162.99
326.7,161.68,326.7,96.72,425.59,96.72,425.59,161.68
324.68,160.37,324.68,95.78,423.74,95.78,423.74,160.37
322.67,159.06,322.67,94.84,421.89,94.84,421.89,159.06
320.65,157.75,320.65,93.89,420.04,93.89,420.04,157.75
318.64,156.44,318.64,92.95,418.19,92.95,418.19,156.44
316.62,155.13,316.62,92.01,416.34,92.01,416.34,155.13
314.12,154.06,314.12,91.58,413.97,91.58,413.97,154.06
311.63,152.99,311.63,91.15,411.59,91.15,411.59,152.99
309.13,151.91,309.13,90.71,409.22,90.71,409.22,151.91
306.64,150.84,306.64,90.28,406.85,90.28,406.85,150.84
304.14,149.77,304.14,89.85,404.48,89.85,404.48,149.77
301.64,148.7,301.64,89.42,402.1,89.42,402.1,148.7
299.15,147.63,299.15,88.99,399.73,88.99,399.73,147.63
296.65,146.55,296.65,88.55,397.36,88.55,397.36,146.55
294.15,145.48,294.15,88.12,394.99,88.12,394.99,145.48
291.66,144.41,291.66,87.69,392.61,87.69,392.61,144.41
289.16,143.34,289.16,87.26,390.24,87.26,390.24,143.34
286.66,142.27,286.66,86.83,387.87,86.83,387.87,142.27
284.17,141.19,284.17,86.39,385.49,86.39,385.49,141.19
281.67,140.12,281.67,85.96,383.12,85.96,383.12,140.12
279.18,139.05,279.18,85.53,380.75,85.53,380.75,139.05
276.68,137.98,276.68,85.1,378.38,85.1,378.38,137.98
274.18,136.91,274.18,84.67,376.0,84.67,376.0,136.91
271.69,135.83,271.69,84.23,373.63,84.23,373.63,135.83
269.19,134.76,269.19,83.8,371.26,83.8,371.26,134.76
266.7,133.69,266.7,83.37,368.89,83.37,368.89,133.69
266.63,133.68,266.63,83.34,368.94,83.34,368.94,133.68
266.57,133.67,266.57,83.31,369.0,83.31,369.0,133.67
266.5,133.66,266.5,83.27,369.06,83.27,369.06,133.66
266.44,133.65,266.44,83.24,369.12,83.24,369.12,133.65
266.37,133.64,266.37,83.21,369.18,83.21,369.18,133.64
266.31,133.63,266.31,83.18,369.23,83.18,369.23,133.63
266.24,133.62,266.24,83.15,369.29,83.15,369.29,133.62
266.18,133.61,266.18,83.12,369.35,83.12,369.35,133.61
266.11,133.6,266.11,83.08,369.41,83.08,369.41,133.6
266.05,133.59,266.05,83.05,369.47,83.05,369.47,133.59
265.98,133.58,265.98,83.02,369.53,83.02,369.53,133.58
265.92,133.57,265.92,82.99,369.58,82.99,369.58,133.57
265.85,133.55,265.85,82.96,369.64,82.96,369.64,133.55
265.79,133.54,265.79,82.93,369.7,82.93,369.7,133.54
265.72,133.53,265.72,82.89,369.76,82.89,369.76,133.53
265.66,133.52,265.66,82.86,369.82,82.86,369.82,133.52
265.59,133.51,265.59,82.83,369.88,82.83,369.88,133.51
265.53,133.5,265.53,82.8,369.93,82.8,369.93,133.5
265.46,133.49,265.46,82.77,369.99,82.77,369.99,133.49
265.4,133.48,265.4,82.73,370.05,82.73,370.05,133.48
265.33,133.47,265.33,82.7,370.11,82.7,370.11,133.47
265.27,133.46,265.27,82.67,370.17,82.67,370.17,133.46
265.21,133.45,265.21,82.64,370.23,82.64,370.23,133.45
265.14,133.44,265.14,82.61,370.28,82.61,370.28,133.44
265.08,133.43,265.08,82.58,370.34,82.58,370.34,133.43
265.01,133.42,265.01,82.54,370.4,82.54,370.4,133.42
264.95,133.41,264.95,82.51,370.46,82.51,370.46,133.41
264.88,133.4,264.88,82.48,370.52,82.48,370.52,133.4
264.82,133.39,264.82,82.45,370.58,82.45,370.58,133.39
264.75,133.38,264.75,82.42,370.63,82.42,370.63,133.38
264.69,133.37,264.69,82.39,370.69,82.39,370.69,133.37
264.62,133.36,264.62,82.35,370.75,82.35,370.75,133.36
264.56,133.35,264.56,82.32,370.81,82.32,370.81,133.35
264.49,133.34,264.49,82.29,370.87,82.29,370.87,133.34
264.43,133.33,264.43,82.26,370.93,82.26,370.93,133.33
264.36,133.32,264.36,82.23,370.98,82.23,370.98,133.32
264.3,133.31,264.3,82.19,371.04,82.19,371.04,133.31
264.23,133.3,264.23,82.16,371.1,82.16,371.1,133.3
264.17,133.29,264.17,82.13,371.16,82.13,371.16,133.29
264.1,133.27,264.1,82.1,371.22,82.1,371.22,133.27
264.04,133.26,264.04,82.07,371.28,82.07,371.28,133.26
263.97,133.25,263.97,82.04,371.33,82.04,371.33,133.25
263.91,133.24,263.91,82.0,371.39,82.0,371.39,133.24
263.85,133.23,263.85,81.97,371.45,81.97,371.45,133.23
263.78,133.22,263.78,81.94,371.51,81.94,371.51,133.22
263.72,133.21,263.72,81.91,371.57,81.91,371.57,133.21
263.65,133.2,263.65,81.88,371.63,81.88,371.63,133.2
263.59,133.19,263.59,81.85,371.68,81.85,371.68,133.19
263.52,133.18,263.52,81.81,371.74,81.81,371.74,133.18
263.46,133.17,263.46,81.78,371.8,81.78,371.8,133.17
263.39,133.16,263.39,81.75,371.86,81.75,371.86,133.16
263.33,133.15,263.33,81.72,371.92,81.72,371.92,133.15
263.26,133.14,263.26,81.69,371.98,81.69,371.98,133.14
263.2,133.13,263.2,81.65,372.03,81.65,372.03,133.13
263.13,133.12,263.13,81.62,372.09,81.62,372.09,133.12
263.07,133.11,263.07,81.59,372.15,81.59,372.15,133.11
263.0,133.1,263.0,81.56,372.21,81.56,372.21,133.1
262.94,133.09,262.94,81.53,372.27,81.53,372.27,133.09
262.87,133.08,262.87,81.5,372.33,81.5,372.33,133.08
262.81,133.07,262.81,81.46,372.38,81.46,372.38,133.07
262.74,133.06,262.74,81.43,372.44,81.43,372.44,133.06
262.68,133.05,262.68,81.4,372.5,81.4,372.5,133.05
262.61,133.04,262.61,81.37,372.56,81.37,372.56,133.04
262.55,133.03,262.55,81.34,372.62,81.34,372.62,133.03
262.48,133.01,262.48,81.31,372.67,81.31,372.67,133.01
263.8,133.53,263.8,81.66,373.27,81.66,373.27,133.53
265.12,134.04,265.12,82.02,373.86,82.02,373.86,134.04
266.43,134.55,266.43,82.38,374.45,82.38,374.45,134.55
267.75,135.06,267.75,82.74,375.04,82.74,375.04,135.06
269.06,135.57,269.06,83.1,375.63,83.1,375.63,135.57
270.38,136.08,270.38,83.46,376.22,83.46,376.22,136.08
271.7,136.6,271.7,83.82,376.81,83.82,376.81,136.6
273.01,137.11,273.01,84.18,377.4,84.18,377.4,137.11
274.33,137.62,274.33,84.54,377.99,84.54,377.99,137.62
275.64,138.13,275.64,84.9,378.59,84.9,378.59,138.13
276.96,138.64,276.96,85.26,379.18,85.26,379.18,138.64
278.28,139.15,278.28,85.62,379.77,85.62,379.77,139.15
279.59,139.67,279.59,85.98,380.36,85.98,380.36,139.67
280.91,140.18,280.91,86.34,380.95,86.34,380.95,140.18
282.22,140.69,282.22,86.7,381.54,86.7,381.54,140.69
283.54,141.2,283.54,87.06,382.13,87.06,382.13,141.2
284.85,141.71,284.85,87.42,382.72,87.42,382.72,141.71
286.17,142.22,286.17,87.78,383.31,87.78,383.31,142.22
287.49,142.74,287.49,88.14,383.91,88.14,383.91,142.74
288.8,143.25,288.8,88.5,384.5,88.5,384.5,143.25
290.12,143.76,290.12,88.86,385.09,88.86,385.09,143.76
291.43,144.27,291.43,89.22,385.68,89.22,385.68,144.27
292.75,144.78,292.75,89.58,386.27,89.58,386.27,144.78
294.07,145.29,294.07,89.94,386.86,89.94,386.86,145.29
295.38,145.81,295.38,90.3,387.45,90.3,387.45,145.81
296.7,146.32,296.7,90.66,388.04,90.66,388.04,146.32
298.01,146.83,298.01,91.02,388.63,91.02,388.63,146.83
299.33,147.34,299.33,91.38,389.23,91.38,389.23,147.34
300.65,147.85,300.65,91.74,389.82,91.74,389.82,147.85
301.96,148.36,301.96,92.1,390.41,92.1,390.41,148.36
303.28,148.88,303.28,92.45,391.0,92.45,391.0,148.88
304.59,149.39,304.59,92.81,391.59,92.81,391.59,149.39
305.91,149.9,305.91,93.17,392.18,93.17,392.18,149.9
307.22,150.41,307.22,93.53,392.77,93.53,392.77,150.41
308.54,150.92,308.54,93.89,393.36,93.89,393.36,150.92
309.86,151.43,309.86,94.25,393.95,94.25,393.95,151.43
311.17,151.95,311.17,94.61,394.55,94.61,394.55,151.95
312.49,152.46,312.49,94.97,395.14,94.97,395.14,152.46
313.8,152.97,313.8,95.33,395.73,95.33,395.73,152.97
315.12,153.48,315.12,95.69,396.32,95.69,396.32,153.48
316.44,153.99,316.44,96.05,396.91,96.05,396.91,153.99
317.75,154.5,317.75,96.41,397.5,96.41,397.5,154.5
319.07,155.02,319.07,96.77,398.09,96.77,398.09,155.02
320.38,155.53,320.38,97.13,398.68,97.13,398.68,155.53
321.7,156.04,321.7,97.49,399.27,97.49,399.27,156.04
323.02,156.55,323.02,97.85,399.86,97.85,399.86,156.55
323.28,157.27,323.49,98.12,400.18,98.4,399.97,157.55
323.54,157.99,323.96,98.39,400.5,98.95,400.07,158.54
323.79,158.71,324.44,98.67,400.81,99.49,400.16,159.53
324.05,159.43,324.92,98.94,401.13,100.04,400.26,160.53
324.31,160.15,325.4,99.22,401.45,100.59,400.35,161.52
324.56,160.87,325.89,99.5,401.77,101.14,400.45,162.51
324.82,161.59,326.37,99.77,402.09,101.68,400.53,163.5
325.07,162.31,326.86,100.05,402.42,102.23,400.62,164.49
325.32,163.03,327.35,100.33,402.74,102.78,400.71,165.47
325.57,163.75,327.85,100.61,403.06,103.32,400.79,166.46
325.82,164.47,328.34,100.9,403.39,103.87,400.87,167.45
326.07,165.19,328.84,101.18,403.72,104.42,400.95,168.43
326.32,165.91,329.33,101.46,404.05,104.96,401.03,169.41
326.56,166.63,329.84,101.75,404.38,105.51,401.1,170.4
326.81,167.36,330.34,102.03,404.71,106.06,401.18,171.38
327.05,168.08,330.84,102.32,405.04,106.6,401.25,172.36
327.29,168.8,331.35,102.61,405.37,107.15,401.32,173.34
327.53,169.52,331.86,102.9,405.71,107.69,401.38,174.31
327.77,170.24,332.37,103.19,406.04,108.24,401.45,175.29
328.01,170.96,332.88,103.48,406.38,108.78,401.51,176.27
328.25,171.68,333.4,103.78,406.71,109.33,401.57,177.24
328.49,172.41,333.91,104.07,407.05,109.88,401.63,178.21
328.72,173.13,334.43,104.37,407.39,110.42,401.69,179.18
328.96,173.85,334.95,104.66,407.73,110.97,401.74,180.16
329.19,174.57,335.48,104.96,408.08,111.51,401.79,181.12
329.42,175.29,336.0,105.26,408.42,112.06,401.84,182.09
329.66,176.02,336.53,105.56,408.76,112.6,401.89,183.06
328.07,177.73,335.42,106.42,408.34,113.94,400.99,185.25
326.48,179.43,334.32,107.28,407.93,115.29,400.08,187.43
324.88,181.13,333.23,108.14,407.51,116.64,399.16,189.62
323.28,182.82,332.14,109.0,407.1,117.99,398.24,191.82
321.68,184.51,331.06,109.85,406.69,119.35,397.31,194.01
320.08,186.19,329.99,110.7,406.29,120.72,396.38,196.21
318.47,187.87,328.92,111.55,405.88,122.09,395.44,198.41
316.86,189.54,327.86,112.4,405.48,123.46,394.49,200.61
315.25,191.21,326.81,113.24,405.09,124.85,393.53,202.81
313.63,192.87,325.76,114.09,404.7,126.24,392.57,205.02
312.01,194.52,324.72,114.93,404.3,127.63,391.6,207.22
310.39,196.17,323.68,115.77,403.92,129.03,390.63,209.43
308.77,197.81,322.65,116.61,403.53,130.44,389.65,211.64
307.14,199.45,321.63,117.44,403.15,131.85,388.66,213.85
305.51,201.08,320.62,118.28,402.77,133.27,387.67,216.07
303.88,202.7,319.61,119.11,402.39,134.69,386.67,218.28
302.24,204.32,318.61,119.94,402.02,136.12,385.66,220.5
300.61,205.93,317.61,120.78,401.65,137.56,384.64,222.71
298.97,207.54,316.62,121.6,401.28,139.0,383.62,224.93
297.32,209.14,315.64,122.43,400.91,140.45,382.6,227.16
295.68,210.74,314.67,123.26,400.55,141.9,381.56,229.38
294.03,212.32,313.7,124.08,400.19,143.36,380.52,231.6
292.38,213.91,312.74,124.91,399.83,144.82,379.47,233.83
290.73,215.48,311.78,125.73,399.47,146.3,378.42,236.05
288.32,217.78,309.99,127.26,398.29,148.4,376.62,238.92
285.9,220.08,308.2,128.79,397.11,150.51,374.82,241.8
283.49,222.37,306.41,130.32,395.94,152.62,373.01,244.67
281.07,224.66,304.64,131.85,394.76,154.74,371.2,247.55
278.65,226.94,302.86,133.38,393.59,156.86,369.38,250.42
276.23,229.22,301.1,134.91,392.42,158.99,367.55,253.3
273.8,231.49,299.34,136.43,391.25,161.12,365.72,256.18
271.38,233.76,297.58,137.96,390.08,163.26,363.88,259.06
268.95,236.02,295.83,139.48,388.92,165.4,362.04,261.94
266.52,238.27,294.08,141.0,387.76,167.55,360.2,264.82
262.25,239.39,293.67,142.62,387.31,173.03,355.89,269.79
258.06,240.4,293.34,144.3,386.79,178.6,351.51,274.71
253.95,241.33,293.08,146.04,386.18,184.27,347.05,279.56
249.93,242.17,292.9,147.84,385.48,190.02,342.51,284.34
246.0,242.92,292.8,149.72,384.7,195.86,337.9,289.06
243.45,244.76,289.96,150.57,384.09,197.05,337.58,291.24
240.89,246.61,287.1,151.43,383.48,198.23,337.27,293.4
238.33,248.47,284.24,152.31,382.87,199.4,336.96,295.56
235.78,250.35,281.37,153.2,382.26,200.55,336.67,297.69
233.23,252.24,278.49,154.11,381.64,201.68,336.38,299.82
230.68,254.14,275.6,155.02,381.03,202.81,336.11,301.92
228.13,256.06,272.7,155.96,380.41,203.92,335.84,304.02
225.58,257.99,269.79,156.91,379.79,205.01,335.59,306.1
223.04,259.94,266.87,157.87,379.17,206.09,335.34,308.17
220.49,261.9,263.94,158.84,378.55,207.16,335.1,310.22
217.96,263.88,261.01,159.84,377.92,208.21,334.87,312.26
215.42,265.87,258.07,160.84,377.29,209.25,334.64,314.28
212.89,267.87,255.11,161.86,376.66,210.28,334.43,316.29
210.35,269.88,252.15,162.9,376.02,211.29,334.22,318.28
207.83,271.92,249.19,163.95,375.39,212.29,334.03,320.26
205.3,273.96,246.21,165.01,374.74,213.27,333.84,322.22
202.78,276.02,243.23,166.09,374.1,214.24,333.65,324.17
202.46,276.65,242.65,166.08,373.92,213.8,333.73,324.37
202.15,277.29,242.08,166.08,373.74,213.35,333.81,324.57
201.83,277.93,241.51,166.07,373.56,212.9,333.89,324.77
201.53,278.57,240.93,166.07,373.37,212.45,333.97,324.96
201.22,279.22,240.35,166.06,373.19,212.0,334.05,325.16
200.91,279.86,239.77,166.06,373.0,211.55,334.14,325.35
200.61,280.5,239.19,166.06,372.8,211.1,334.22,325.54
200.32,281.15,238.61,166.06,372.6,210.65,334.31,325.73
200.02,281.79,238.02,166.07,372.4,210.2,334.4,325.92
199.73,282.44,237.44,166.07,372.2,209.74,334.49,326.11
199.44,283.09,236.85,166.08,371.99,209.29,334.58,326.29
199.16,283.73,236.26,166.08,371.78,208.83,334.68,326.48
198.87,284.38,235.67,166.09,371.57,208.37,334.77,326.66
198.59,285.03,235.08,166.1,371.36,207.91,334.87,326.85
198.32,285.68,234.49,166.11,371.14,207.46,334.96,327.03
198.04,286.34,233.9,166.13,370.92,207.0,335.06,327.2
197.77,286.99,233.3,166.14,370.69,206.54,335.16,327.38
197.5,287.64,232.7,166.16,370.47,206.07,335.27,327.56
197.24,288.3,232.11,166.18,370.24,205.61,335.37,327.73
196.98,288.95,231.51,166.19,370.0,205.15,335.47,327.91
197.04,289.02,231.52,166.31,370.09,205.24,335.61,327.95
197.11,289.09,231.53,166.42,370.18,205.34,335.75,328.0
197.17,289.16,231.55,166.54,370.27,205.43,335.9,328.05
197.23,289.23,231.56,166.65,370.36,205.52,336.04,328.1
197.3,289.31,231.57,166.77,370.45,205.61,336.18,328.15
197.36,289.38,231.59,166.88,370.54,205.71,336.32,328.2
197.43,289.45,231.6,167.0,370.63,205.8,336.46,328.25
197.49,289.52,231.61,167.11,370.72,205.89,336.6,328.3
197.55,289.59,231.63,167.23,370.81,205.99,336.74,328.35
197.62,289.66,231.64,167.34,370.9,206.08,336.88,328.39
197.68,289.73,231.65,167.46,370.99,206.17,337.02,328.44
197.75,289.8,231.67,167.58,371.08,206.26,337.16,328.49
197.81,289.87,231.68,167.69,371.17,206.36,337.3,328.54
197.87,289.94,231.69,167.81,371.26,206.45,337.44,328.59
197.94,290.02,231.71,167.92,371.35,206.54,337.58,328.64
198.0,290.09,231.72,168.04,371.44,206.64,337.72,328.69
198.07,290.16,231.73,168.15,371.53,206.73,337.86,328.73
198.13,290.23,231.75,168.27,371.62,206.82,338.0,328.78
198.19,290.3,231.76,168.38,371.71,206.91,338.14,328.83
198.26,290.37,231.77,168.5,371.8,207.01,338.28,328.88
198.32,290.44,231.79,168.61,371.89,207.1,338.42,328.93
198.38,290.51,231.8,168.73,371.98,207.19,338.57,328.98
198.45,290.58,231.81,168.84,372.07,207.28,338.71,329.02
198.51,290.66,231.83,168.96,372.16,207.38,338.85,329.07
198.58,290.73,231.84,169.08,372.25,207.47,338.99,329.12
198.64,290.8,231.85,169.19,372.34,207.56,339.13,329.17
198.7,290.87,231.87,169.31,372.43,207.66,339.27,329.22
198.77,290.94,231.88,169.42,372.52,207.75,339.41,329.27
198.83,291.01,231.9,169.54,372.61,207.84,339.55,329.31
198.9,291.08,231.91,169.65,372.7,207.93,339.69,329.36
198.96,291.15,231.92,169.77,372.79,208.03,339.83,329.41
199.02,291.23,231.94,169.89,372.88,208.12,339.97,329.46
199.09,291.3,231.95,170.0,372.97,208.21,340.11,329.51
199.15,291.37,231.96,170.12,373.06,208.3,340.25,329.55
199.21,291.44,231.98,170.23,373.15,208.4,340.39,329.6
199.28,291.51,231.99,170.35,373.24,208.49,340.53,329.65
199.96,290.93,232.62,169.81,373.95,207.93,341.28,329.04
200.64,290.35,233.25,169.27,374.65,207.36,342.04,328.44
201.31,289.76,233.88,168.73,375.36,206.8,342.8,327.83
201.99,289.18,234.51,168.19,376.07,206.24,343.55,327.22
202.67,288.6,235.14,167.65,376.77,205.67,344.31,326.61
203.35,288.01,235.77,167.12,377.48,205.11,345.06,326.01
204.03,287.43,236.39,166.58,378.18,204.55,345.82,325.4
204.71,286.85,237.02,166.04,378.89,203.98,346.57,324.79
205.39,286.26,237.65,165.5,379.59,203.42,347.33,324.19
206.07,285.68,238.28,164.96,380.3,202.86,348.09,323.58
206.75,285.1,238.91,164.42,381.0,202.29,348.84,322.97
207.43,284.52,239.54,163.88,381.71,201.73,349.6,322.36
208.1,283.93,240.17,163.34,382.42,201.17,350.35,321.76
208.07,283.98,240.08,163.43,382.4,201.23,350.39,321.78
208.03,284.02,239.99,163.52,382.39,201.3,350.43,321.8
207.99,284.07,239.91,163.61,382.38,201.36,350.47,321.82
207.95,284.11,239.82,163.7,382.37,201.43,350.51,321.84
207.92,284.16,239.73,163.79,382.36,201.49,350.55,321.86
207.88,284.2,239.64,163.88,382.35,201.55,350.58,321.88
207.84,284.24,239.56,163.97,382.34,201.62,350.62,321.9
207.8,284.29,239.47,164.06,382.33,201.68,350.66,321.91
207.77,284.33,239.38,164.15,382.32,201.75,350.7,321.93
207.73,284.38,239.29,164.24,382.31,201.81,350.74,321.95
207.69,284.42,239.21,164.33,382.3,201.88,350.78,321.97
207.65,284.47,239.12,164.42,382.28,201.94,350.82,321.99
207.61,284.51,239.03,164.51,382.27,202.01,350.86,322.01
207.58,284.56,238.95,164.59,382.26,202.07,350.89,322.03
207.54,284.6,238.86,164.68,382.25,202.14,350.93,322.05
207.5,284.65,238.77,164.77,382.24,202.2,350.97,322.07
207.46,284.69,238.68,164.86,382.23,202.27,351.01,322.09
207.43,284.73,238.6,164.95,382.22,202.33,351.05,322.11
207.39,284.78,238.51,165.04,382.21,202.39,351.09,322.13
207.35,284.82,238.42,165.13,382.2,202.46,351.13,322.15
207.31,284.87,238.34,165.22,382.19,202.52,351.16,322.17
207.27,284.91,238.25,165.31,382.18,202.59,351.2,322.19
207.24,284.96,238.16,165.4,382.17,202.65,351.24,322.21
207.2,285.0,238.07,165.49,382.16,202.72,351.28,322.23
207.16,285.05,237.99,165.58,382.14,202.78,351.32,322.25
207.12,285.09,237.9,165.67,382.13,202.85,351.36,322.26
207.08,285.14,237.81,165.76,382.12,202.91,351.39,322.28
207.05,285.18,237.73,165.85,382.11,202.97,351.43,322.3
207.01,285.23,237.64,165.94,382.1,203.04,351.47,322.32
206.97,285.27,237.55,166.03,382.09,203.1,351.51,322.34
206.93,285.32,237.46,166.12,382.08,203.17,351.55,322.36
206.89,285.36,237.38,166.21,382.07,203.23,351.59,322.38
206.86,285.4,237.29,166.3,382.06,203.3,351.62,322.4
206.82,285.45,237.2,166.39,382.05,203.36,351.66,322.42
206.78,285.49,237.12,166.48,382.04,203.42,351.7,322.44
206.74,285.54,237.03,166.57,382.03,203.49,351.74,322.46
206.7,285.58,236.94,166.66,382.02,203.55,351.78,322.47
206.67,285.63,236.86,166.75,382.01,203.62,351.82,322.49
206.63,285.67,236.77,166.84,382.0,203.68,351.85,322.51
206.59,285.72,236.68,166.93,381.99,203.75,351.89,322.53
206.55,285.76,236.6,167.02,381.98,203.81,351.93,322.55
206.51,285.81,236.51,167.11,381.97,203.87,351.97,322.57
206.47,285.85,236.42,167.21,381.95,203.94,352.01,322.59
206.44,285.9,236.34,167.3,381.94,204.0,352.05,322.61
206.4,285.94,236.25,167.39,381.93,204.07,352.08,322.62
206.36,285.99,236.16,167.48,381.92,204.13,352.12,322.64
206.32,286.03,236.08,167.57,381.91,204.2,352.16,322.66
206.28,286.08,235.99,167.66,381.9,204.26,352.2,322.68
206.25,286.12,235.9,167.75,381.89,204.32,352.24,322.7
206.21,286.17,235.82,167.84,381.88,204.39,352.27,322.72
206.17,286.21,235.73,167.93,381.87,204.45,352.31,322.73
206.13,286.26,235.64,168.02,381.86,204.52,352.35,322.75
206.09,286.3,235.56,168.11,381.85,204.58,352.39,322.77
206.05,286.35,235.47,168.2,381.84,204.64,352.43,322.79
206.02,286.39,235.38,168.29,381.83,204.71,352.46,322.81
205.98,286.44,235.3,168.38,381.82,204.77,352.5,322.83
205.94,286.48,235.21,168.47,381.81,204.84,352.54,322.84
205.9,286.53,235.12,168.57,381.8,204.9,352.58,322.86
205.86,286.57,235.04,168.66,381.79,204.97,352.62,322.88
205.82,286.62,234.95,168.75,381.78,205.03,352.65,322.9
205.79,286.66,234.86,168.84,381.77,205.09,352.69,322.92
205.75,286.71,234.78,168.93,381.76,205.16,352.73,322.94
205.71,286.75,234.69,169.02,381.75,205.22,352.77,322.95
205.67,286.8,234.6,169.11,381.74,205.29,352.8,322.97
205.63,286.84,234.52,169.2,381.73,205.35,352.84,322.99
205.59,286.89,234.43,169.29,381.72,205.41,352.88,323.01
205.55,286.93,234.35,169.38,381.71,205.48,352.92,323.03
205.52,286.98,234.26,169.48,381.7,205.54,352.96,323.04
205.48,287.02,234.17,169.57,381.69,205.61,352.99,323.06
205.44,287.07,234.09,169.66,381.68,205.67,353.03,323.08
205.4,287.11,234.0,169.75,381.67,205.73,353.07,323.1
205.36,287.16,233.91,169.84,381.66,205.8,353.11,323.12
205.32,287.2,233.83,169.93,381.65,205.86,353.14,323.13
205.29,287.25,233.74,170.02,381.64,205.92,353.18,323.15
205.25,287.3,233.65,170.12,381.63,205.99,353.22,323.17
205.21,287.34,233.57,170.21,381.62,206.05,353.26,323.19
205.17,287.39,233.48,170.3,381.61,206.12,353.3,323.2
205.13,287.43,233.4,170.39,381.6,206.18,353.33,323.22
205.09,287.48,233.31,170.48,381.59,206.24,353.37,323.24
204.61,287.67,232.78,170.72,381.18,206.47,353.01,323.42
204.13,287.87,232.26,170.96,380.78,206.69,352.65,323.6
203.65,288.06,231.73,171.21,380.37,206.92,352.29,323.77
203.18,288.26,231.2,171.45,379.96,207.14,351.93,323.95
202.7,288.45,230.68,171.69,379.56,207.37,351.58,324.13
202.22,288.65,230.15,171.93,379.15,207.59,351.22,324.31
201.74,288.84,229.63,172.17,378.75,207.82,350.86,324.49
201.26,289.04,229.1,172.41,378.34,208.04,350.5,324.67
200.78,289.23,228.57,172.66,377.93,208.27,350.14,324.84
200.3,289.43,228.05,172.9,377.53,208.49,349.78,325.02
199.82,289.63,227.52,173.14,377.12,208.71,349.42,325.2
199.34,289.82,227.0,173.38,376.72,208.94,349.06,325.38
198.86,290.02,226.47,173.62,376.31,209.16,348.7,325.56
198.38,290.21,225.94,173.86,375.9,209.39,348.34,325.74
197.9,290.41,225.42,174.11,375.5,209.61,347.99,325.91
197.42,290.6,224.89,174.35,375.09,209.84,347.63,326.09
196.94,290.8,224.37,174.59,374.69,210.06,347.27,326.27
196.47,290.99,223.84,174.83,374.28,210.29,346.91,326.45
195.99,291.19,223.31,175.08,373.88,210.51,346.55,326.62
195.51,291.39,222.79,175.32,373.47,210.73,346.19,326.8
195.03,291.58,222.26,175.56,373.06,210.96,345.83,326.98
194.55,291.78,221.73,175.8,372.66,211.18,345.47,327.16
194.07,291.97,221.21,176.04,372.25,211.41,345.11,327.34
193.59,292.17,220.68,176.29,371.85,211.63,344.75,327.51
193.11,292.37,220.16,176.53,371.44,211.85,344.39,327.69
192.63,292.56,219.63,176.77,371.04,212.08,344.03,327.87
192.15,292.76,219.11,177.01,370.63,212.3,343.67,328.05
192.24,292.81,219.15,177.03,370.61,212.24,343.69,328.02
192.32,292.87,219.2,177.05,370.58,212.17,343.71,327.99
192.41,292.92,219.24,177.06,370.56,212.1,343.73,327.96
192.5,292.97,219.29,177.08,370.53,212.04,343.74,327.93
192.59,293.03,219.33,177.1,370.51,211.97,343.76,327.9
192.67,293.08,219.38,177.11,370.48,211.9,343.78,327.87
192.76,293.13,219.42,177.13,370.45,211.84,343.79,327.84
192.85,293.19,219.47,177.14,370.43,211.77,343.81,327.82
192.94,293.24,219.51,177.16,370.4,211.7,343.83,327.79
193.02,293.3,219.56,177.18,370.38,211.64,343.85,327.76
193.11,293.35,219.6,177.19,370.35,211.57,343.86,327.73
193.2,293.4,219.65,177.21,370.33,211.51,343.88,327.7
193.29,293.46,219.69,177.22,370.3,211.44,343.9,327.67
193.37,293.51,219.74,177.24,370.28,211.37,343.91,327.64
193.46,293.56,219.78,177.26,370.25,211.31,343.93,327.62
193.55,293.62,219.83,177.27,370.23,211.24,343.95,327.59
193.64,293.67,219.87,177.29,370.2,211.17,343.97,327.56
193.73,293.72,219.92,177.3,370.18,211.11,343.98,327.53
193.81,293.78,219.96,177.32,370.15,211.04,344.0,327.5
193.9,293.83,220.01,177.33,370.12,210.98,344.02,327.47
193.99,293.88,220.05,177.35,370.1,210.91,344.03,327.45
194.08,293.94,220.1,177.37,370.07,210.85,344.05,327.42
194.16,293.99,220.15,177.38,370.05,210.78,344.07,327.39
194.25,294.04,220.19,177.4,370.02,210.71,344.08,327.36
194.34,294.1,220.24,177.41,370.0,210.65,344.1,327.33
194.43,294.15,220.28,177.43,369.97,210.58,344.12,327.3
194.52,294.2,220.33,177.44,369.94,210.52,344.14,327.28
194.61,294.26,220.37,177.46,369.92,210.45,344.15,327.25
194.69,294.31,220.42,177.48,369.89,210.39,344.17,327.22
194.78,294.36,220.46,177.49,369.87,210.32,344.19,327.19
194.87,294.42,220.51,177.51,369.84,210.25,344.2,327.16
194.96,294.47,220.55,177.52,369.81,210.19,344.22,327.14
195.05,294.52,220.6,177.54,369.79,210.12,344.24,327.11
195.14,294.57,220.64,177.55,369.76,210.06,344.25,327.08
195.22,294.63,220.69,177.57,369.74,209.99,344.27,327.05
195.31,294.68,220.73,177.58,369.71,209.93,344.29,327.02
195.4,294.73,220.78,177.6,369.68,209.86,344.3,327.0
195.49,294.78,220.83,177.61,369.66,209.8,344.32,326.97
195.58,294.84,220.87,177.63,369.63,209.73,344.34,326.94
195.67,294.89,220.92,177.64,369.61,209.67,344.36,326.91
195.75,294.94,220.96,177.66,369.58,209.6,344.37,326.88
195.84,294.99,221.01,177.68,369.55,209.54,344.39,326.86
195.93,295.05,221.05,177.69,369.53,209.47,344.41,326.83
196.02,295.1,221.1,177.71,369.5,209.41,344.42,326.8
196.11,295.15,221.14,177.72,369.47,209.34,344.44,326.77
196.2,295.2,221.19,177.74,369.45,209.28,344.46,326.75
196.29,295.26,221.23,177.75,369.42,209.21,344.47,326.72
196.38,295.31,221.28,177.77,369.39,209.15,344.49,326.69
196.46,295.36,221.33,177.78,369.37,209.08,344.51,326.66
196.55,295.41,221.37,177.8,369.34,209.02,344.52,326.64
196.64,295.47,221.42,177.81,369.31,208.95,344.54,326.61
196.73,295.52,221.46,177.83,369.29,208.89,344.56,326.58
196.82,295.57,221.51,177.84,369.26,208.82,344.57,326.55
196.91,295.62,221.55,177.86,369.23,208.76,344.59,326.52
197.0,295.67,221.6,177.87,369.21,208.7,344.61,326.5
197.09,295.73,221.64,177.89,369.18,208.63,344.62,326.47
197.18,295.78,221.69,177.9,369.15,208.57,344.64,326.44
197.27,295.83,221.74,177.92,369.13,208.5,344.66,326.42
197.36,295.88,221.78,177.93,369.1,208.44,344.67,326.39
197.44,295.93,221.83,177.95,369.07,208.37,344.69,326.36
197.53,295.98,221.87,177.96,369.05,208.31,344.71,326.33
197.62,296.04,221.92,177.97,369.02,208.24,344.72,326.31
197.71,296.09,221.96,177.99,368.99,208.18,344.74,326.28
197.8,296.14,222.01,178.0,368.96,208.12,344.76,326.25
197.89,296.19,222.05,178.02,368.94,208.05,344.77,326.22
197.98,296.24,222.1,178.03,368.91,207.99,344.79,326.2
198.07,296.29,222.15,178.05,368.88,207.92,344.81,326.17
198.16,296.34,222.19,178.06,368.86,207.86,344.82,326.14
198.25,296.4,222.24,178.08,368.83,207.8,344.84,326.12
198.34,296.45,222.28,178.09,368.8,207.73,344.86,326.09
198.43,296.5,222.33,178.11,368.77,207.67,344.87,326.06
198.52,296.55,222.37,178.12,368.75,207.6,344.89,326.03
198.61,296.6,222.42,178.14,368.72,207.54,344.91,326.01
198.7,296.65,222.47,178.15,368.69,207.48,344.92,325.98
198.79,296.7,222.51,178.16,368.66,207.41,344.94,325.95
198.88,296.75,222.56,178.18,368.64,207.35,344.96,325.93
198.97,296.81,222.6,178.19,368.61,207.29,344.97,325.9
199.06,296.86,222.65,178.21,368.58,207.22,344.99,325.87
199.15,296.91,222.69,178.22,368.55,207.16,345.01,325.85
199.24,296.96,222.74,178.24,368.53,207.1,345.02,325.82
199.33,297.01,222.78,178.25,368.5,207.03,345.04,325.79
199.42,297.06,222.83,178.26,368.47,206.97,345.06,325.77
199.51,297.11,222.88,178.28,368.44,206.91,345.07,325.74
199.6,297.16,222.92,178.29,368.42,206.84,345.09,325.71
199.69,297.21,222.97,178.31,368.39,206.78,345.11,325.68
199.78,297.26,223.01,178.32,368.36,206.72,345.12,325.66
199.87,297.31,223.06,178.33,368.33,206.65,345.14,325.63
199.96,297.36,223.11,178.35,368.3,206.59,345.16,325.6
200.05,297.41,223.15,178.36,368.28,206.53,345.17,325.58
200.14,297.47,223.2,178.38,368.25,206.46,345.19,325.55
200.23,297.52,223.24,178.39,368.22,206.4,345.21,325.52
200.32,297.57,223.29,178.41,368.19,206.34,345.22,325.5
200.41,297.62,223.33,178.42,368.16,206.27,345.24,325.47
200.5,297.67,223.38,178.43,368.14,206.21,345.26,325.45
200.59,297.72,223.43,178.45,368.11,206.15,345.27,325.42
200.68,297.77,223.47,178.46,368.08,206.09,345.29,325.39
200.77,297.82,223.52,178.47,368.05,206.02,345.3,325.37
200.86,297.87,223.56,178.49,368.02,205.96,345.32,325.34
200.95,297.92,223.61,178.5,368.0,205.9,345.34,325.31
201.04,297.97,223.65,178.52,367.97,205.84,345.35,325.29
201.13,298.02,223.7,178.53,367.94,205.77,345.37,325.26
201.22,298.07,223.75,178.54,367.91,205.71,345.39,325.23
201.31,298.12,223.79,178.56,367.88,205.65,345.4,325.21
201.4,298.17,223.84,178.57,367.85,205.58,345.42,325.18
201.5,298.22,223.88,178.58,367.82,205.52,345.44,325.16
201.83,297.37,225.13,177.89,368.77,205.9,345.48,325.38
202.17,296.53,226.37,177.19,369.72,206.27,345.51,325.61
202.51,295.68,227.62,176.51,370.66,206.65,345.54,325.82
202.85,294.83,228.87,175.82,371.59,207.03,345.57,326.04
203.2,293.98,230.13,175.15,372.52,207.41,345.6,326.25
203.56,293.13,231.39,174.48,373.45,207.8,345.62,326.45
203.92,292.27,232.65,173.81,374.37,208.18,345.64,326.65
204.28,291.42,233.92,173.15,375.29,208.57,345.65,326.84
204.65,290.56,235.19,172.49,376.2,208.96,345.67,327.03
205.02,289.7,236.46,171.84,377.11,209.35,345.67,327.21
205.4,288.84,237.73,171.19,378.01,209.74,345.68,327.39
205.78,287.97,239.01,170.55,378.91,210.13,345.68,327.56
206.17,287.11,240.29,169.91,379.81,210.53,345.68,327.73
206.56,286.24,241.58,169.28,380.7,210.93,345.68,327.89
206.96,285.37,242.87,168.65,381.58,211.33,345.67,328.05
209.26,285.66,244.45,168.94,382.58,210.59,347.39,327.31
211.56,285.95,246.03,169.23,383.59,209.87,349.11,326.58
213.86,286.23,247.62,169.52,384.58,209.14,350.82,325.85
216.17,286.5,249.21,169.81,385.58,208.43,352.53,325.12
218.48,286.76,250.81,170.09,386.57,207.72,354.24,324.39
220.79,287.02,252.41,170.38,387.56,207.02,355.94,323.66
223.1,287.28,254.02,170.66,388.55,206.32,357.63,322.94
225.42,287.53,255.63,170.94,389.53,205.63,359.32,322.22
227.74,287.77,257.24,171.22,390.51,204.95,361.01,321.5
230.06,288.0,258.86,171.49,391.49,204.27,362.7,320.78
232.39,288.23,260.48,171.76,392.47,203.6,364.38,320.06
234.72,288.45,262.1,172.04,393.44,202.93,366.05,319.35
237.05,288.67,263.73,172.3,394.41,202.27,367.73,318.64
239.38,288.88,265.37,172.57,395.38,201.62,369.39,317.93
241.72,289.08,267.0,172.84,396.35,200.97,371.06,317.22
244.05,289.28,268.64,173.1,397.31,200.33,372.72,316.51
246.39,289.47,270.29,173.36,398.27,199.7,374.38,315.81
248.73,289.66,271.93,173.62,399.23,199.07,376.03,315.11
251.08,289.83,273.59,173.88,400.19,198.45,377.68,314.41
253.42,290.01,275.24,174.13,401.15,197.83,379.33,313.71
255.77,290.17,276.9,174.38,402.1,197.23,380.97,313.02
258.12,290.33,278.56,174.63,403.05,196.62,382.61,312.32
260.47,290.48,280.23,174.88,404.0,196.03,384.24,311.63
262.83,290.63,281.9,175.12,404.95,195.44,385.88,310.95
265.18,290.77,283.57,175.37,405.89,194.86,387.5,310.26
267.54,290.9,285.25,175.61,406.84,194.28,389.13,309.58
269.9,291.03,286.93,175.84,407.78,193.71,390.75,308.9
269.9,291.04,286.9,175.87,407.76,193.71,390.76,308.88
269.91,291.06,286.88,175.91,407.74,193.72,390.77,308.87
269.91,291.07,286.85,175.94,407.72,193.72,390.78,308.86
269.91,291.09,286.82,175.97,407.7,193.73,390.79,308.84
269.91,291.1,286.79,176.0,407.68,193.73,390.8,308.83
269.91,291.11,286.76,176.03,407.66,193.74,390.81,308.82
269.91,291.13,286.73,176.07,407.64,193.74,390.82,308.8
269.91,291.14,286.71,176.1,407.62,193.75,390.83,308.79
269.92,291.16,286.68,176.13,407.61,193.75,390.84,308.78
269.92,291.17,286.65,176.16,407.59,193.76,390.85,308.76
269.92,291.18,286.62,176.19,407.57,193.76,390.87,308.75
269.92,291.2,286.59,176.23,407.55,193.77,390.88,308.74
269.92,291.21,286.57,176.26,407.53,193.77,390.89,308.72
269.92,291.23,286.54,176.29,407.51,193.77,390.9,308.71
269.93,291.24,286.51,176.32,407.49,193.78,390.91,308.7
269.93,291.25,286.48,176.35,407.47,193.78,390.92,308.68
269.93,291.27,286.45,176.39,407.45,193.79,390.93,308.67
269.93,291.28,286.43,176.42,407.43,193.79,390.94,308.66
269.93,291.3,286.4,176.45,407.41,193.8,390.95,308.65
269.93,291.31,286.37,176.48,407.4,193.8,390.96,308.63
269.94,291.32,286.34,176.51,407.38,193.81,390.97,308.62
269.94,291.34,286.31,176.55,407.36,193.81,390.98,308.61
269.94,291.35,286.28,176.58,407.34,193.82,390.99,308.59
269.94,291.37,286.26,176.61,407.32,193.82,391.0,308.58
269.94,291.38,286.23,176.64,407.3,193.83,391.01,308.56
269.94,291.39,286.2,176.67,407.28,193.83,391.02,308.55
269.95,291.41,286.17,176.71,407.26,193.84,391.03,308.54
269.95,291.42,286.14,176.74,407.24,193.84,391.04,308.52
269.95,291.44,286.12,176.77,407.22,193.85,391.06,308.51
269.95,291.45,286.09,176.8,407.2,193.85,391.07,308.5
269.95,291.46,286.06,176.83,407.18,193.85,391.08,308.48
269.95,291.48,286.03,176.87,407.17,193.86,391.09,308.47
269.96,291.49,286.0,176.9,407.15,193.86,391.1,308.46
269.96,291.51,285.98,176.93,407.13,193.87,391.11,308.44
269.96,291.52,285.95,176.96,407.11,193.87,391.12,308.43
269.96,291.53,285.92,176.99,407.09,193.88,391.13,308.42
269.96,291.55,285.89,177.03,407.07,193.88,391.14,308.4
269.96,291.56,285.86,177.06,407.05,193.89,391.15,308.39
269.97,291.58,285.84,177.09,407.03,193.89,391.16,308.38
269.97,291.59,285.81,177.12,407.01,193.9,391.17,308.36
269.97,291.6,285.78,177.15,406.99,193.9,391.18,308.35
269.97,291.62,285.75,177.19,406.97,193.91,391.19,308.34
269.97,291.63,285.73,177.22,406.96,193.91,391.2,308.32
269.97,291.64,285.7,177.25,406.94,193.92,391.21,308.31
269.97,291.66,285.67,177.28,406.92,193.92,391.22,308.3
269.98,291.67,285.64,177.32,406.9,193.93,391.23,308.28
269.98,291.69,285.61,177.35,406.88,193.93,391.24,308.27
269.98,291.7,285.59,177.38,406.86,193.94,391.25,308.26
269.98,291.71,285.56,177.41,406.84,193.94,391.26,308.24
269.98,291.73,285.53,177.44,406.82,193.94,391.27,308.23
269.98,291.74,285.5,177.48,406.8,193.95,391.28,308.22
269.99,291.76,285.47,177.51,406.78,193.95,391.29,308.2
269.99,291.77,285.45,177.54,406.76,193.96,391.3,308.19
269.99,291.78,285.42,177.57,406.75,193.96,391.32,308.18
269.99,291.8,285.39,177.6,406.73,193.97,391.33,308.16
269.99,291.81,285.36,177.64,406.71,193.97,391.34,308.15
269.99,291.83,285.34,177.67,406.69,193.98,391.35,308.13
270.0,291.84,285.31,177.7,406.67,193.98,391.36,308.12
270.0,291.85,285.28,177.73,406.65,193.99,391.37,308.11
270.0,291.87,285.25,177.77,406.63,193.99,391.38,308.09
270.0,291.88,285.22,177.8,406.61,194.0,391.39,308.08
270.0,291.89,285.2,177.83,406.59,194.0,391.4,308.07
270.0,291.91,285.17,177.86,406.57,194.01,391.41,308.05
270.0,291.92,285.14,177.89,406.55,194.01,391.42,308.04
270.01,291.94,285.11,177.93,406.54,194.02,391.43,308.03
270.01,291.95,285.09,177.96,406.52,194.02,391.44,308.01
270.01,291.96,285.06,177.99,406.5,194.03,391.45,308.0
270.01,291.98,285.03,178.02,406.48,194.03,391.46,307.99
270.01,291.99,285.0,178.06,406.46,194.04,391.47,307.97
270.01,292.01,284.98,178.09,406.44,194.04,391.48,307.96
270.02,292.02,284.95,178.12,406.42,194.05,391.49,307.94
270.02,292.03,284.92,178.15,406.4,194.05,391.5,307.93
270.02,292.05,284.89,178.18,406.38,194.06,391.51,307.92
270.02,292.06,284.86,178.22,406.36,194.06,391.52,307.9
270.02,292.07,284.84,178.25,406.35,194.06,391.53,307.89
270.02,292.09,284.81,178.28,406.33,194.07,391.54,307.88
270.02,292.1,284.78,178.31,406.31,194.07,391.55,307.86
270.03,292.12,284.75,178.35,406.29,194.08,391.56,307.85
270.03,292.13,284.73,178.38,406.27,194.08,391.57,307.84
270.03,292.14,284.7,178.41,406.25,194.09,391.58,307.82
270.03,292.16,284.67,178.44,406.23,194.09,391.59,307.81
270.03,292.17,284.64,178.48,406.21,194.1,391.6,307.79
270.03,292.19,284.62,178.51,406.19,194.1,391.61,307.78
270.04,292.2,284.59,178.54,406.17,194.11,391.62,307.77
270.04,292.21,284.56,178.57,406.15,194.11,391.63,307.75
270.04,292.23,284.53,178.6,406.14,194.12,391.64,307.74
270.04,292.24,284.51,178.64,406.12,194.12,391.65,307.73
270.04,292.25,284.48,178.67,406.1,194.13,391.66,307.71
270.04,292.27,284.45,178.7,406.08,194.13,391.67,307.7
270.04,292.28,284.42,178.73,406.06,194.14,391.68,307.69
270.05,292.3,284.4,178.77,406.04,194.14,391.69,307.67
270.05,292.31,284.37,178.8,406.02,194.15,391.7,307.66
270.05,292.32,284.34,178.83,406.0,194.15,391.71,307.64
270.05,292.34,284.31,178.86,405.98,194.16,391.72,307.63
270.05,292.35,284.29,178.9,405.96,194.16,391.73,307.62
270.05,292.36,284.26,178.93,405.95,194.17,391.74,307.6
270.05,292.38,284.23,178.96,405.93,194.17,391.75,307.59
270.06,292.39,284.2,178.99,405.91,194.18,391.76,307.58
270.06,292.41,284.18,179.03,405.89,194.18,391.77,307.56
270.06,292.42,284.15,179.06,405.87,194.19,391.78,307.55
270.06,292.43,284.12,179.09,405.85,194.19,391.79,307.53
270.06,292.45,284.09,179.12,405.83,194.2,391.8,307.52
270.06,292.46,284.07,179.16,405.81,194.2,391.81,307.51
270.07,292.48,284.04,179.19,405.79,194.21,391.82,307.49
270.07,292.49,284.01,179.22,405.77,194.21,391.83,307.48
270.07,292.5,283.98,179.25,405.76,194.22,391.84,307.47
270.07,292.52,283.96,179.29,405.74,194.22,391.85,307.45
270.07,292.53,283.93,179.32,405.72,194.23,391.86,307.44
270.07,292.54,283.9,179.35,405.7,194.23,391.87,307.42
270.07,292.56,283.87,179.38,405.68,194.23,391.88,307.41
270.08,292.57,283.85,179.41,405.66,194.24,391.89,307.4
270.08,292.59,283.82,179.45,405.64,194.24,391.9,307.38
270.08,292.6,283.79,179.48,405.62,194.25,391.91,307.37
270.08,292.61,283.76,179.51,405.6,194.25,391.92,307.35
270.08,292.63,283.74,179.54,405.58,194.26,391.93,307.34
270.08,292.64,283.71,179.58,405.57,194.26,391.94,307.33
270.08,292.65,283.68,179.61,405.55,194.27,391.95,307.31
270.09,292.67,283.66,179.64,405.53,194.27,391.96,307.3
270.09,292.68,283.63,179.67,405.51,194.28,391.97,307.29
270.09,292.7,283.6,179.71,405.49,194.28,391.98,307.27
270.09,292.71,283.57,179.74,405.47,194.29,391.99,307.26
270.09,292.72,283.55,179.77,405.45,194.29,392.0,307.24
270.09,292.74,283.52,179.8,405.43,194.3,392.01,307.23
270.09,292.75,283.49,179.84,405.41,194.3,392.02,307.22
270.1,292.76,283.46,179.87,405.39,194.31,392.03,307.2
270.1,292.78,283.44,179.9,405.38,194.31,392.04,307.19
270.1,292.79,283.41,179.94,405.36,194.32,392.05,307.17
270.1,292.81,283.38,179.97,405.34,194.32,392.06,307.16
270.1,292.82,283.36,180.0,405.32,194.33,392.07,307.15
270.1,292.83,283.33,180.03,405.3,194.33,392.07,307.13
270.1,292.85,283.3,180.07,405.28,194.34,392.08,307.12
270.11,292.86,283.27,180.1,405.26,194.34,392.09,307.11
270.11,292.87,283.25,180.13,405.24,194.35,392.1,307.09
270.11,292.89,283.22,180.16,405.22,194.35,392.11,307.08
270.11,292.9,283.19,180.2,405.21,194.36,392.12,307.06
270.11,292.91,283.17,180.23,405.19,194.36,392.13,307.05
270.11,292.93,283.14,180.26,405.17,194.37,392.14,307.04
270.12,292.94,283.11,180.29,405.15,194.37,392.15,307.02
270.12,292.96,283.08,180.33,405.13,194.38,392.16,307.01
270.12,292.97,283.06,180.36,405.11,194.38,392.17,306.99
270.12,292.98,283.03,180.39,405.09,194.39,392.18,306.98
270.12,293.0,283.0,180.42,405.07,194.39,392.19,306.97
270.12,293.01,282.98,180.46,405.05,194.4,392.2,306.95
270.12,293.02,282.95,180.49,405.03,194.4,392.21,306.94
270.13,293.04,282.92,180.52,405.02,194.41,392.22,306.92
270.13,293.05,282.89,180.55,405.0,194.41,392.23,306.91
270.13,293.07,282.87,180.59,404.98,194.42,392.24,306.9
270.13,293.08,282.84,180.62,404.96,194.42,392.25,306.88
270.13,293.09,282.81,180.65,404.94,194.43,392.26,306.87
270.13,293.11,282.79,180.69,404.92,194.43,392.27,306.85
270.13,293.12,282.76,180.72,404.9,194.44,392.28,306.84
270.13,293.13,282.73,180.75,404.88,194.44,392.29,306.83
270.14,293.15,282.7,180.78,404.86,194.45,392.3,306.81
270.14,293.16,282.68,180.82,404.85,194.45,392.31,306.8
270.14,293.18,282.65,180.85,404.83,194.46,392.31,306.78
270.14,293.19,282.62,180.88,404.81,194.46,392.32,306.77
270.14,293.2,282.6,180.91,404.79,194.47,392.33,306.76
270.14,293.22,282.57,180.95,404.77,194.47,392.34,306.74
270.14,293.23,282.54,180.98,404.75,194.48,392.35,306.73
270.15,293.24,282.52,181.01,404.73,194.48,392.36,306.71
270.15,293.26,282.49,181.04,404.71,194.49,392.37,306.7
270.15,293.27,282.46,181.08,404.69,194.49,392.38,306.69
270.15,293.28,282.43,181.11,404.68,194.5,392.39,306.67
270.15,293.3,282.41,181.14,404.66,194.5,392.4,306.66
270.15,293.31,282.38,181.18,404.64,194.51,392.41,306.64
270.15,293.33,282.35,181.21,404.62,194.51,392.42,306.63
270.16,293.34,282.33,181.24,404.6,194.52,392.43,306.61
270.16,293.35,282.3,181.27,404.58,194.52,392.44,306.6
270.16,293.37,282.27,181.31,404.56,194.53,392.45,306.59
270.16,293.38,282.25,181.34,404.54,194.53,392.46,306.57
270.16,293.39,282.22,181.37,404.52,194.54,392.47,306.56
270.16,293.41,282.19,181.41,404.51,194.54,392.48,306.54
270.16,293.42,282.17,181.44,404.49,194.55,392.48,306.53
270.17,293.43,282.14,181.47,404.47,194.55,392.49,306.52
270.17,293.45,282.11,181.5,404.45,194.56,392.5,306.5
270.17,293.46,282.09,181.54,404.43,194.56,392.51,306.49
270.17,293.48,282.06,181.57,404.41,194.57,392.52,306.47
270.17,293.49,282.03,181.6,404.39,194.57,392.53,306.46
270.17,293.5,282.0,181.63,404.37,194.58,392.54,306.45
270.17,293.52,281.98,181.67,404.35,194.58,392.55,306.43
270.18,293.53,281.95,181.7,404.33,194.59,392.56,306.42
270.18,293.54,281.92,181.73,404.32,194.59,392.57,306.4
270.18,293.56,281.9,181.77,404.3,194.6,392.58,306.39
270.18,293.57,281.87,181.8,404.28,194.6,392.59,306.37
270.18,293.58,281.84,181.83,404.26,194.61,392.6,306.36
270.18,293.6,281.82,181.86,404.24,194.61,392.61,306.35
270.18,293.61,281.79,181.9,404.22,194.62,392.62,306.33
270.18,293.63,281.76,181.93,404.2,194.62,392.62,306.32
270.19,293.64,281.74,181.96,404.18,194.63,392.63,306.3
270.19,293.65,281.71,182.0,404.17,194.63,392.64,306.29
270.19,293.67,281.68,182.03,404.15,194.64,392.65,306.27
270.19,293.68,281.66,182.06,404.13,194.64,392.66,306.26
270.19,293.69,281.63,182.09,404.11,194.65,392.67,306.25
270.19,293.71,281.6,182.13,404.09,194.65,392.68,306.23
270.19,293.72,281.58,182.16,404.07,194.66,392.69,306.22
270.2,293.73,281.55,182.19,404.05,194.66,392.7,306.2
270.2,293.75,281.52,182.23,404.03,194.67,392.71,306.19
270.2,293.76,281.5,182.26,404.01,194.67,392.72,306.18
270.2,293.77,281.47,182.29,404.0,194.68,392.73,306.16
270.2,293.79,281.44,182.33,403.98,194.68,392.73,306.15
270.2,293.8,281.42,182.36,403.96,194.69,392.74,306.13
270.2,293.82,281.39,182.39,403.94,194.69,392.75,306.12
270.21,293.83,281.36,182.42,403.92,194.7,392.76,306.1
270.21,293.84,281.34,182.46,403.9,194.7,392.77,306.09
270.21,293.86,281.31,182.49,403.88,194.71,392.78,306.08
270.21,293.87,281.28,182.52,403.86,194.71,392.79,306.06
270.21,293.88,281.26,182.56,403.84,194.72,392.8,306.05
270.21,293.9,281.23,182.59,403.83,194.72,392.81,306.03
270.21,293.91,281.2,182.62,403.81,194.73,392.82,306.02
269.32,294.68,280.13,183.04,404.3,195.06,393.49,306.7
268.43,295.45,279.05,183.46,404.79,195.39,394.17,307.38
267.54,296.23,277.98,183.88,405.28,195.71,394.84,308.05
266.65,297.01,276.9,184.31,405.77,196.03,395.52,308.73
265.76,297.79,275.82,184.74,406.26,196.35,396.2,309.39
264.87,298.57,274.74,185.18,406.74,196.67,396.87,310.06
263.99,299.36,273.66,185.61,407.23,196.98,397.55,310.72
263.1,300.15,272.59,186.05,407.72,197.29,398.23,311.38
262.21,300.94,271.5,186.5,408.2,197.59,398.91,312.04
261.33,301.74,270.42,186.94,408.69,197.9,399.59,312.69
260.44,302.53,269.34,187.39,409.17,198.2,400.27,313.34
259.56,303.34,268.26,187.85,409.66,198.5,400.95,313.99
258.67,304.14,267.18,188.3,410.14,198.79,401.64,314.63
257.79,304.95,266.09,188.76,410.62,199.09,402.32,315.27
256.91,305.76,265.01,189.22,411.1,199.38,403.0,315.91
256.03,306.57,263.92,189.69,411.58,199.66,403.69,316.54
255.15,307.38,262.84,190.16,412.06,199.95,404.37,317.18
254.27,308.2,261.75,190.63,412.54,200.23,405.06,317.8
253.39,309.02,260.67,191.1,413.02,200.51,405.74,318.43
252.51,309.85,259.58,191.58,413.5,200.78,406.43,319.05
251.63,310.67,258.49,192.06,413.98,201.06,407.12,319.67
250.76,311.5,257.4,192.55,414.45,201.33,407.8,320.28
249.88,312.34,256.32,193.04,414.93,201.59,408.49,320.89
249.0,313.17,255.23,193.53,415.41,201.86,409.18,321.5
248.13,314.01,254.14,194.02,415.88,202.12,409.87,322.11
247.26,314.85,253.05,194.52,416.35,202.38,410.56,322.71
246.38,315.69,251.96,195.02,416.82,202.63,411.25,323.31
245.51,316.54,250.87,195.52,417.3,202.89,411.94,323.9
244.64,317.39,249.77,196.03,417.77,203.14,412.63,324.5
243.77,318.24,248.68,196.54,418.24,203.39,413.32,325.09
242.9,319.1,247.59,197.05,418.71,203.63,414.02,325.67
242.03,319.95,246.5,197.57,419.17,203.87,414.71,326.26
241.16,320.81,245.4,198.09,419.64,204.11,415.4,326.83
240.3,321.68,244.31,198.61,420.11,204.35,416.09,327.41
239.43,322.54,243.22,199.14,420.57,204.58,416.79,327.98
238.56,323.41,242.12,199.67,421.04,204.81,417.48,328.55
237.7,324.28,241.03,200.2,421.5,205.04,418.18,329.12
236.84,325.16,239.93,200.74,421.97,205.26,418.87,329.68
235.97,326.03,238.84,201.28,422.43,205.49,419.57,330.25
235.11,326.91,237.74,201.82,422.89,205.71,420.26,330.8
234.25,327.8,236.64,202.36,423.35,205.92,420.96,331.36
233.39,328.68,235.55,202.91,423.81,206.14,421.65,331.91
232.53,329.57,234.45,203.47,424.27,206.35,422.35,332.45
232.32,329.61,234.21,204.11,425.53,206.99,423.64,332.5
232.11,329.66,233.98,204.75,426.79,207.63,424.93,332.54
231.9,329.7,233.74,205.4,428.05,208.27,426.21,332.58
231.69,329.75,233.5,206.04,429.31,208.91,427.5,332.62
231.48,329.79,233.27,206.69,430.58,209.55,428.79,332.66
231.26,329.83,233.03,207.33,431.84,210.19,430.07,332.7
231.05,329.88,232.79,207.97,433.1,210.83,431.36,332.74
230.84,329.92,232.56,208.62,434.36,211.47,432.64,332.78
230.63,329.97,232.32,209.26,435.62,212.11,433.93,332.82
230.42,330.01,232.09,209.91,436.89,212.75,435.22,332.86
230.21,330.06,231.85,210.55,438.15,213.39,436.5,332.9
229.99,330.1,231.61,211.2,439.41,214.03,437.79,332.93
229.78,330.15,231.38,211.85,440.67,214.67,439.08,332.97
229.57,330.19,231.14,212.49,441.94,215.31,440.36,333.01
229.36,330.24,230.91,213.14,443.2,215.95,441.65,333.05
229.14,330.29,230.67,213.78,444.46,216.59,442.93,333.09
228.93,330.33,230.44,214.43,445.72,217.23,444.22,333.13
228.72,330.38,230.2,215.08,446.99,217.86,445.5,333.16
228.51,330.42,229.97,215.73,448.25,218.5,446.79,333.2
228.29,330.47,229.73,216.37,449.51,219.14,448.08,333.24
228.08,330.52,229.49,217.02,450.78,219.78,449.36,333.28
227.87,330.57,229.26,217.67,452.04,220.41,450.65,333.31
227.65,330.61,229.02,218.31,453.3,221.05,451.93,333.35
227.44,330.66,228.79,218.96,454.57,221.69,453.22,333.39
227.23,330.71,228.56,219.61,455.83,222.33,454.5,333.42
227.01,330.76,228.32,220.26,457.09,222.96,455.79,333.46
226.8,330.8,228.09,220.91,458.36,223.6,457.07,333.5
226.59,330.85,227.85,221.56,459.62,224.23,458.36,333.53
226.37,330.9,227.62,222.21,460.88,224.87,459.64,333.57
226.16,330.95,227.38,222.85,462.15,225.51,460.93,333.6
225.95,331.0,227.15,223.5,463.41,226.14,462.21,333.64
225.73,331.05,226.91,224.15,464.68,226.78,463.5,333.67
225.52,331.1,226.68,224.8,465.94,227.41,464.78,333.71
225.31,331.15,226.45,225.45,467.2,228.05,466.06,333.74
225.09,331.2,226.21,226.1,468.47,228.68,467.35,333.78
226.78,331.28,227.88,227.56,470.14,230.13,469.04,333.85
228.47,331.36,229.55,229.01,471.82,231.58,470.73,333.93
230.15,331.44,231.22,230.46,473.49,233.02,472.42,334.0
231.84,331.52,232.89,231.91,475.17,234.47,474.12,334.07
233.53,331.6,234.56,233.36,476.84,235.91,475.81,334.15
235.21,331.68,236.23,234.82,478.52,237.36,477.5,334.22
236.9,331.76,237.9,236.27,480.19,238.81,479.19,334.3
238.59,331.84,239.57,237.72,481.87,240.25,480.88,334.37
240.28,331.92,241.24,239.17,483.54,241.7,482.58,334.45
241.96,332.0,242.91,240.63,485.22,243.14,484.27,334.52
243.65,332.08,244.58,242.08,486.89,244.59,485.96,334.6
245.34,332.16,246.25,243.53,488.57,246.04,487.65,334.67
247.02,332.24,247.92,244.98,490.24,247.48,489.34,334.74
248.71,332.32,249.59,246.43,491.92,248.93,491.03,334.82
250.4,332.4,251.26,247.89,493.59,250.38,492.72,334.89
252.08,332.48,252.93,249.34,495.27,251.82,494.42,334.97
253.77,332.56,254.61,250.79,496.94,253.27,496.11,335.04
255.46,332.65,256.28,252.24,498.62,254.71,497.8,335.12
257.14,332.73,257.95,253.7,500.29,256.16,499.49,335.19
258.83,332.81,259.62,255.15,501.97,257.61,501.18,335.27
260.52,332.89,261.29,256.6,503.64,259.05,502.87,335.34
260.58,332.88,261.35,256.59,503.64,259.04,502.87,335.32
260.64,332.87,261.41,256.58,503.64,259.02,502.87,335.31
260.7,332.86,261.47,256.57,503.64,259.0,502.87,335.29
260.76,332.85,261.53,256.57,503.63,258.99,502.87,335.27
260.83,332.85,261.59,256.56,503.63,258.97,502.87,335.26
260.89,332.84,261.65,256.55,503.63,258.95,502.87,335.24
260.95,332.83,261.71,256.54,503.63,258.93,502.87,335.22
261.01,332.82,261.76,256.53,503.62,258.92,502.87,335.21
261.07,332.81,261.82,256.52,503.62,258.9,502.87,335.19
261.14,332.8,261.88,256.51,503.62,258.88,502.87,335.17
261.2,332.8,261.94,256.51,503.62,258.87,502.87,335.16
261.26,332.79,262.0,256.5,503.61,258.85,502.87,335.14
261.32,332.78,262.06,256.49,503.61,258.83,502.87,335.13
261.38,332.77,262.12,256.48,503.61,258.82,502.87,335.11
261.45,332.76,262.18,256.47,503.6,258.8,502.87,335.09
261.51,332.76,262.24,256.46,503.6,258.78,502.87,335.08
261.57,332.75,262.3,256.45,503.6,258.77,502.87,335.06
261.63,332.74,262.36,256.44,503.6,258.75,502.87,335.04
261.7,332.73,262.42,256.44,503.59,258.73,502.87,335.03
261.76,332.72,262.48,256.43,503.59,258.71,502.87,335.01
261.82,332.71,262.54,256.42,503.59,258.7,502.87,334.99
261.88,332.71,262.6,256.41,503.59,258.68,502.87,334.98
261.94,332.7,262.66,256.4,503.58,258.66,502.87,334.96
262.01,332.69,262.72,256.39,503.58,258.65,502.87,334.94
262.07,332.68,262.78,256.38,503.58,258.63,502.87,334.93
262.13,332.67,262.84,256.38,503.57,258.61,502.87,334.91
262.19,332.67,262.9,256.37,503.57,258.6,502.87,334.89
262.25,332.66,262.96,256.36,503.57,258.58,502.86,334.88
262.32,332.65,263.02,256.35,503.57,258.56,502.86,334.86
262.38,332.64,263.08,256.34,503.56,258.55,502.86,334.85
262.44,332.63,263.14,256.33,503.56,258.53,502.86,334.83
262.5,332.62,263.2,256.32,503.56,258.51,502.86,334.81
262.57,332.62,263.26,256.32,503.56,258.5,502.86,334.8
262.63,332.61,263.32,256.31,503.55,258.48,502.86,334.78
262.69,332.6,263.38,256.3,503.55,258.46,502.86,334.76
262.75,332.59,263.44,256.29,503.55,258.44,502.86,334.75
262.81,332.58,263.5,256.28,503.54,258.43,502.86,334.73
262.88,332.58,263.56,256.27,503.54,258.41,502.86,334.71
262.94,332.57,263.62,256.26,503.54,258.39,502.86,334.7
263.0,332.56,263.68,256.25,503.54,258.38,502.86,334.68
263.06,332.55,263.73,256.25,503.53,258.36,502.86,334.66
263.12,332.54,263.79,256.24,503.53,258.34,502.86,334.65
263.19,332.53,263.85,256.23,503.53,258.33,502.86,334.63
263.25,332.53,263.91,256.22,503.53,258.31,502.86,334.62
263.31,332.52,263.97,256.21,503.52,258.29,502.86,334.6
263.37,332.51,264.03,256.2,503.52,258.28,502.86,334.58
263.43,332.5,264.09,256.19,503.52,258.26,502.86,334.57
263.5,332.49,264.15,256.18,503.51,258.24,502.86,334.55
263.56,332.48,264.21,256.18,503.51,258.23,502.86,334.53
263.62,332.48,264.27,256.17,503.51,258.21,502.86,334.52
263.68,332.47,264.33,256.16,503.51,258.19,502.86,334.5
263.75,332.46,264.39,256.15,503.5,258.17,502.86,334.48
263.81,332.45,264.45,256.14,503.5,258.16,502.86,334.47
263.87,332.44,264.51,256.13,503.5,258.14,502.86,334.45
263.93,332.44,264.57,256.12,503.5,258.12,502.86,334.44
263.99,332.43,264.63,256.11,503.49,258.11,502.86,334.42
264.06,332.42,264.69,256.11,503.49,258.09,502.86,334.4
264.12,332.41,264.75,256.1,503.49,258.07,502.86,334.39
264.18,332.4,264.81,256.09,503.49,258.06,502.86,334.37
264.24,332.39,264.87,256.08,503.48,258.04,502.86,334.35
264.3,332.39,264.93,256.07,503.48,258.02,502.86,334.34
264.37,332.38,264.99,256.06,503.48,258.01,502.86,334.32
264.43,332.37,265.05,256.05,503.47,257.99,502.85,334.3
264.49,332.36,265.11,256.05,503.47,257.97,502.85,334.29
264.55,332.35,265.17,256.04,503.47,257.96,502.85,334.27
264.62,332.34,265.23,256.03,503.47,257.94,502.85,334.26
264.68,332.34,265.29,256.02,503.46,257.92,502.85,334.24
264.74,332.33,265.35,256.01,503.46,257.9,502.85,334.22
264.8,332.32,265.41,256.0,503.46,257.89,502.85,334.21
264.86,332.31,265.47,255.99,503.46,257.87,502.85,334.19
264.93,332.3,265.53,255.98,503.45,257.85,502.85,334.17
264.99,332.29,265.59,255.98,503.45,257.84,502.85,334.16
265.05,332.29,265.65,255.97,503.45,257.82,502.85,334.14
265.11,332.28,265.71,255.96,503.44,257.8,502.85,334.12
265.17,332.27,265.76,255.95,503.44,257.79,502.85,334.11
265.24,332.26,265.82,255.94,503.44,257.77,502.85,334.09
265.3,332.25,265.88,255.93,503.44,257.75,502.85,334.08
265.36,332.24,265.94,255.92,503.43,257.74,502.85,334.06
265.42,332.24,266.0,255.91,503.43,257.72,502.85,334.04
265.49,332.23,266.06,255.91,503.43,257.7,502.85,334.03
265.55,332.22,266.12,255.9,503.43,257.69,502.85,334.01
265.61,332.21,266.18,255.89,503.42,257.67,502.85,333.99
265.67,332.2,266.24,255.88,503.42,257.65,502.85,333.98
265.73,332.19,266.3,255.87,503.42,257.64,502.85,333.96
265.8,332.19,266.36,255.86,503.41,257.62,502.85,333.94
265.86,332.18,266.42,255.85,503.41,257.6,502.85,333.93
265.92,332.17,266.48,255.84,503.41,257.59,502.85,333.91
265.98,332.16,266.54,255.83,503.41,257.57,502.85,333.9
266.04,332.15,266.6,255.83,503.4,257.55,502.85,333.88
266.11,332.14,266.66,255.82,503.4,257.54,502.85,333.86
266.17,332.14,266.72,255.81,503.4,257.52,502.85,333.85
266.23,332.13,266.78,255.8,503.4,257.5,502.85,333.83
266.29,332.12,266.84,255.79,503.39,257.48,502.85,333.81
266.36,332.11,266.9,255.78,503.39,257.47,502.85,333.8
266.42,332.1,266.96,255.77,503.39,257.45,502.85,333.78
266.48,332.09,267.02,255.76,503.38,257.43,502.85,333.76
266.54,332.09,267.08,255.76,503.38,257.42,502.84,333.75
266.6,332.08,267.14,255.75,503.38,257.4,502.84,333.73
266.67,332.07,267.2,255.74,503.38,257.38,502.84,333.72
266.73,332.06,267.26,255.73,503.37,257.37,502.84,333.7
266.79,332.05,267.32,255.72,503.37,257.35,502.84,333.68
266.85,332.04,267.38,255.71,503.37,257.33,502.84,333.67
266.91,332.04,267.44,255.7,503.37,257.32,502.84,333.65
266.98,332.03,267.5,255.69,503.36,257.3,502.84,333.63
267.04,332.02,267.56,255.69,503.36,257.28,502.84,333.62
267.1,332.01,267.62,255.68,503.36,257.27,502.84,333.6
267.16,332.0,267.68,255.67,503.35,257.25,502.84,333.59
267.23,331.99,267.74,255.66,503.35,257.23,502.84,333.57
267.29,331.99,267.79,255.65,503.35,257.22,502.84,333.55
267.35,331.98,267.85,255.64,503.35,257.2,502.84,333.54
267.41,331.97,267.91,255.63,503.34,257.18,502.84,333.52
267.47,331.96,267.97,255.62,503.34,257.17,502.84,333.5
267.54,331.95,268.03,255.61,503.34,257.15,502.84,333.49
267.6,331.94,268.09,255.61,503.34,257.13,502.84,333.47
267.66,331.94,268.15,255.6,503.33,257.12,502.84,333.46
267.72,331.93,268.21,255.59,503.33,257.1,502.84,333.44
267.78,331.92,268.27,255.58,503.33,257.08,502.84,333.42
267.85,331.91,268.33,255.57,503.32,257.07,502.84,333.41
267.91,331.9,268.39,255.56,503.32,257.05,502.84,333.39
267.97,331.89,268.45,255.55,503.32,257.03,502.84,333.37
268.03,331.89,268.51,255.54,503.32,257.02,502.84,333.36
268.09,331.88,268.57,255.54,503.31,257.0,502.84,333.34
268.16,331.87,268.63,255.53,503.31,256.98,502.84,333.33
268.22,331.86,268.69,255.52,503.31,256.97,502.84,333.31
268.28,331.85,268.75,255.51,503.31,256.95,502.84,333.29
268.34,331.84,268.81,255.5,503.3,256.93,502.84,333.28
268.41,331.84,268.87,255.49,503.3,256.92,502.84,333.26
268.47,331.83,268.93,255.48,503.3,256.9,502.84,333.24
268.53,331.82,268.99,255.47,503.29,256.88,502.84,333.23
268.59,331.81,269.05,255.46,503.29,256.87,502.84,333.21
268.65,331.8,269.11,255.46,503.29,256.85,502.83,333.2
268.72,331.79,269.17,255.45,503.29,256.83,502.83,333.18
268.78,331.78,269.23,255.44,503.28,256.82,502.83,333.16
268.84,331.78,269.29,255.43,503.28,256.8,502.83,333.15
268.9,331.77,269.35,255.42,503.28,256.78,502.83,333.13
268.96,331.76,269.41,255.41,503.28,256.77,502.83,333.11
269.03,331.75,269.47,255.4,503.27,256.75,502.83,333.1
268.09,331.79,268.54,254.59,503.04,255.93,502.59,333.13
267.16,331.82,267.6,253.77,502.8,255.11,502.35,333.17
266.23,331.86,266.67,252.96,502.56,254.29,502.12,333.2
265.29,331.9,265.74,252.14,502.33,253.48,501.88,333.23
264.36,331.93,264.81,251.32,502.09,252.66,501.64,333.27
263.42,331.97,263.88,250.51,501.85,251.84,501.4,333.3
262.49,332.01,262.95,249.69,501.62,251.02,501.16,333.33
261.56,332.04,262.02,248.88,501.38,250.2,500.92,333.37
260.62,332.08,261.09,248.06,501.14,249.39,500.68,333.4
259.69,332.12,260.16,247.25,500.91,248.57,500.44,333.44
258.76,332.15,259.22,246.43,500.67,247.75,500.2,333.47
257.82,332.19,258.29,245.62,500.43,246.93,499.96,333.5
256.89,332.23,257.36,244.8,500.2,246.11,499.72,333.54
255.96,332.26,256.43,243.99,499.96,245.29,499.48,333.57
255.02,332.3,255.5,243.17,499.72,244.48,499.25,333.6
254.09,332.34,254.57,242.36,499.48,243.66,499.01,333.64
253.16,332.37,253.64,241.54,499.25,242.84,498.77,333.67
252.22,332.41,252.7,240.73,499.01,242.02,498.53,333.71
251.29,332.45,251.77,239.91,498.77,241.2,498.29,333.74
250.36,332.48,250.84,239.1,498.54,240.38,498.05,333.77
249.42,332.52,249.91,238.28,498.3,239.57,497.81,333.81
248.49,332.56,248.98,237.47,498.06,238.75,497.57,333.84
247.56,332.59,248.05,236.65,497.82,237.93,497.33,333.87
246.62,332.63,247.12,235.84,497.59,237.11,497.1,333.91
245.69,332.67,246.18,235.02,497.35,236.29,496.86,333.94
245.56,332.67,246.05,234.95,497.22,236.21,496.72,333.93
245.44,332.67,245.92,234.87,497.08,236.13,496.59,333.93
245.31,332.67,245.8,234.8,496.95,236.05,496.46,333.92
245.18,332.67,245.67,234.72,496.81,235.97,496.33,333.92
245.06,332.68,245.54,234.65,496.68,235.88,496.2,333.91
244.93,332.68,245.41,234.58,496.55,235.8,496.07,333.9
244.8,332.68,245.28,234.5,496.41,235.72,495.94,333.9
244.68,332.68,245.15,234.43,496.28,235.64,495.81,333.89
244.55,332.68,245.02,234.36,496.14,235.56,495.67,333.88
244.42,332.68,244.89,234.28,496.01,235.48,495.54,333.88
244.29,332.68,244.76,234.21,495.88,235.4,495.41,333.87
244.17,332.69,244.63,234.13,495.74,235.31,495.28,333.87
244.04,332.69,244.5,234.06,495.61,235.23,495.15,333.86
243.91,332.69,244.37,233.99,495.47,235.15,495.02,333.85
243.79,332.69,244.24,233.91,495.34,235.07,494.89,333.85
243.66,332.69,244.11,233.84,495.21,234.99,494.75,333.84
243.53,332.69,243.98,233.77,495.07,234.91,494.62,333.83
243.41,332.69,243.85,233.69,494.94,234.83,494.49,333.83
243.28,332.7,243.73,233.62,494.8,234.74,494.36,333.82
243.15,332.7,243.6,233.54,494.67,234.66,494.23,333.82
243.03,332.7,243.47,233.47,494.54,234.58,494.1,333.81
242.9,332.7,243.34,233.4,494.4,234.5,493.97,333.8
242.77,332.7,243.21,233.32,494.27,234.42,493.83,333.8
242.65,332.7,243.08,233.25,494.13,234.34,493.7,333.79
242.52,332.7,242.95,233.18,494.0,234.26,493.57,333.79
242.39,332.71,242.82,233.1,493.87,234.17,493.44,333.78
242.27,332.71,242.69,233.03,493.73,234.09,493.31,333.77
242.14,332.71,242.56,232.95,493.6,234.01,493.18,333.77
242.01,332.71,242.43,232.88,493.46,233.93,493.05,333.76
241.89,332.71,242.3,232.81,493.33,233.85,492.92,333.75
241.76,332.71,242.17,232.73,493.2,233.77,492.78,333.75
241.63,332.71,242.04,232.66,493.06,233.69,492.65,333.74
241.51,332.72,241.91,232.58,492.93,233.6,492.52,333.74
241.38,332.72,241.78,232.51,492.79,233.52,492.39,333.73
241.25,332.72,241.65,232.44,492.66,233.44,492.26,333.72
241.13,332.72,241.52,232.36,492.53,233.36,492.13,333.72
241.0,332.72,241.4,232.29,492.39,233.28,492.0,333.71
240.87,332.72,241.27,232.22,492.26,233.2,491.87,333.7
240.75,332.72,241.14,232.14,492.12,233.12,491.73,333.7
240.62,332.72,241.01,232.07,491.99,233.04,491.6,333.69
240.49,332.73,240.88,231.99,491.86,232.95,491.47,333.69
240.37,332.73,240.75,231.92,491.72,232.87,491.34,333.68
240.24,332.73,240.62,231.85,491.59,232.79,491.21,333.67
240.11,332.73,240.49,231.77,491.45,232.71,491.08,333.67
239.99,332.73,240.36,231.7,491.32,232.63,490.95,333.66
239.86,332.73,240.23,231.63,491.19,232.55,490.81,333.65
239.73,332.73,240.1,231.55,491.05,232.47,490.68,333.65
239.61,332.74,239.97,231.48,490.92,232.38,490.55,333.64
239.48,332.74,239.84,231.4,490.78,232.3,490.42,333.64
239.35,332.74,239.71,231.33,490.65,232.22,490.29,333.63
239.23,332.74,239.58,231.26,490.52,232.14,490.16,333.62
239.1,332.74,239.45,231.18,490.38,232.06,490.03,333.62
237.55,332.72,237.9,230.36,488.77,231.23,488.42,333.59
236.0,332.7,236.35,229.54,487.16,230.4,486.81,333.56
234.45,332.69,234.8,228.72,485.55,229.57,485.19,333.54
232.9,332.67,233.25,227.9,483.94,228.75,483.58,333.51
231.35,332.65,231.7,227.08,482.33,227.92,481.97,333.48
229.8,332.63,230.15,226.26,480.71,227.09,480.36,333.46
228.25,332.61,228.6,225.44,479.1,226.26,478.75,333.43
226.7,332.59,227.05,224.62,477.49,225.43,477.14,333.4
225.15,332.57,225.5,223.8,475.88,224.61,475.53,333.38
223.6,332.55,223.95,222.98,474.27,223.78,473.92,333.35
222.05,332.53,222.4,222.16,472.66,222.95,472.31,333.32
220.5,332.52,220.85,221.34,471.05,222.12,470.7,333.3
218.95,332.5,219.29,220.52,469.43,221.29,469.09,333.27
217.4,332.48,217.74,219.7,467.82,220.47,467.48,333.24
215.85,332.46,216.19,218.88,466.21,219.64,465.87,333.22
214.3,332.44,214.64,218.06,464.6,218.81,464.26,333.19
212.75,332.42,213.09,217.24,462.99,217.98,462.65,333.17
211.2,332.4,211.54,216.42,461.38,217.15,461.03,333.14
209.65,332.38,209.99,215.6,459.77,216.33,459.42,333.11
208.1,332.36,208.44,214.78,458.15,215.5,457.81,333.09
206.55,332.35,206.89,213.96,456.54,214.67,456.2,333.06
205.0,332.33,205.34,213.14,454.93,213.84,454.59,333.03
203.45,332.31,203.79,212.32,453.32,213.01,452.98,333.01
201.9,332.29,202.23,211.5,451.71,212.19,451.37,332.98
200.35,332.27,200.68,210.68,450.1,211.36,449.76,332.95
198.8,332.25,199.13,209.85,448.48,210.53,448.15,332.93
197.25,332.23,197.58,209.03,446.87,209.7,446.54,332.9
195.7,332.21,196.03,208.21,445.26,208.87,444.93,332.87
194.15,332.19,194.48,207.39,443.65,208.05,443.32,332.85
194.39,332.24,194.71,207.5,443.78,208.14,443.46,332.89
194.63,332.29,194.95,207.6,443.91,208.24,443.6,332.92
194.87,332.34,195.18,207.7,444.05,208.33,443.73,332.96
195.11,332.38,195.42,207.81,444.18,208.43,443.87,333.0
195.35,332.43,195.65,207.91,444.31,208.52,444.01,333.04
195.58,332.48,195.89,208.01,444.45,208.61,444.14,333.08
195.82,332.53,196.12,208.11,444.58,208.71,444.28,333.12
196.06,332.58,196.35,208.22,444.71,208.8,444.42,333.16
196.3,332.62,196.59,208.32,444.84,208.9,444.55,333.2
196.54,332.67,196.82,208.42,444.98,208.99,444.69,333.24
196.78,332.72,197.06,208.53,445.11,209.09,444.83,333.28
197.02,332.77,197.29,208.63,445.24,209.18,444.96,333.32
197.25,332.81,197.53,208.73,445.37,209.28,445.1,333.36
197.49,332.86,197.76,208.84,445.51,209.37,445.24,333.4
197.73,332.91,198.0,208.94,445.64,209.47,445.38,333.44
197.97,332.96,198.23,209.04,445.77,209.56,445.51,333.48
198.21,333.0,198.46,209.14,445.91,209.66,445.65,333.52
198.45,333.05,198.7,209.25,446.04,209.75,445.79,333.56
198.69,333.1,198.93,209.35,446.17,209.85,445.92,333.6
198.92,333.15,199.17,209.45,446.3,209.94,446.06,333.64
199.16,333.19,199.4,209.56,446.44,210.04,446.2,333.68
199.4,333.24,199.64,209.66,446.57,210.13,446.33,333.71
199.64,333.29,199.87,209.76,446.7,210.23,446.47,333.75
199.88,333.34,200.11,209.87,446.84,210.32,446.61,333.79
200.12,333.39,200.34,209.97,446.97,210.42,446.75,333.83
200.35,333.43,200.58,210.07,447.1,210.51,446.88,333.87
200.59,333.48,200.81,210.17,447.24,210.61,447.02,333.91
200.83,333.53,201.04,210.28,447.37,210.7,447.16,333.95
201.07,333.58,201.28,210.38,447.5,210.8,447.29,333.99
201.31,333.62,201.51,210.48,447.63,210.89,447.43,334.03
201.55,333.67,201.75,210.59,447.77,210.99,447.57,334.07
201.79,333.72,201.98,210.69,447.9,211.08,447.7,334.11
202.02,333.77,202.22,210.79,448.03,211.17,447.84,334.15
202.26,333.81,202.45,210.89,448.17,211.27,447.98,334.19
202.5,333.86,202.69,211.0,448.3,211.36,448.11,334.23
202.74,333.91,202.92,211.1,448.43,211.46,448.25,334.27
202.98,333.96,203.15,211.2,448.56,211.55,448.39,334.31
203.22,334.0,203.39,211.31,448.7,211.65,448.53,334.35
203.46,334.05,203.62,211.41,448.83,211.74,448.66,334.39
203.69,334.1,203.86,211.51,448.96,211.84,448.8,334.43
203.93,334.15,204.09,211.61,449.1,211.93,448.94,334.47
204.17,334.19,204.33,211.72,449.23,212.03,449.07,334.51
204.41,334.24,204.56,211.82,449.36,212.12,449.21,334.55
204.65,334.29,204.8,211.92,449.49,212.22,449.35,334.58
204.89,334.34,205.03,212.03,449.63,212.31,449.48,334.62
205.13,334.38,205.27,212.13,449.76,212.41,449.62,334.66
205.36,334.43,205.5,212.23,449.89,212.5,449.76,334.7
205.6,334.48,205.73,212.33,450.03,212.6,449.89,334.74
205.84,334.53,205.97,212.44,450.16,212.69,450.03,334.78
207.43,334.53,207.55,213.74,451.74,213.99,451.61,334.77
209.02,334.53,209.14,215.05,453.32,215.29,453.2,334.77
210.61,334.52,210.72,216.36,454.89,216.59,454.78,334.76
212.19,334.52,212.3,217.67,456.47,217.89,456.36,334.75
213.78,334.52,213.89,218.97,458.05,219.19,457.95,334.74
215.37,334.52,215.47,220.28,459.63,220.49,459.53,334.74
216.96,334.52,217.05,221.59,461.21,221.79,461.11,334.73
218.55,334.52,218.64,222.9,462.79,223.09,462.7,334.72
220.14,334.52,220.22,224.2,464.36,224.39,464.28,334.71
221.72,334.52,221.81,225.51,465.94,225.69,465.86,334.7
223.31,334.52,223.39,226.82,467.52,227.0,467.44,334.7
224.9,334.52,224.97,228.12,469.1,228.3,469.03,334.69
226.49,334.52,226.56,229.43,470.68,229.6,470.61,334.68
228.08,334.52,228.14,230.74,472.26,230.9,472.19,334.67
229.66,334.52,229.73,232.05,473.84,232.2,473.77,334.66
231.25,334.52,231.31,233.35,475.42,233.5,475.36,334.66
232.84,334.51,232.89,234.66,476.99,234.8,476.94,334.65
234.43,334.51,234.48,235.97,478.57,236.1,478.52,334.64
236.01,334.51,236.06,237.28,480.15,237.4,480.1,334.63
237.6,334.51,237.65,238.58,481.73,238.7,481.69,334.63
239.19,334.51,239.23,239.89,483.31,240.0,483.27,334.62
240.78,334.51,240.82,241.2,484.89,241.3,484.85,334.61
242.36,334.51,242.4,242.51,486.47,242.6,486.43,334.6
243.95,334.51,243.98,243.81,488.05,243.9,488.02,334.59
245.54,334.51,245.57,245.12,489.63,245.2,489.6,334.59
247.13,334.51,247.15,246.43,491.21,246.5,491.18,334.58
248.71,334.51,248.74,247.73,492.79,247.8,492.76,334.57
250.3,334.51,250.32,249.04,494.36,249.1,494.34,334.56
251.89,334.51,251.91,250.35,495.94,250.4,495.93,334.55
253.48,334.5,253.49,251.66,497.52,251.7,497.51,334.55
255.06,334.5,255.08,252.96,499.1,253.0,499.09,334.54
256.65,334.5,256.66,254.27,500.68,254.3,500.67,334.53
258.24,334.5,258.25,255.58,502.26,255.6,502.25,334.52
259.83,334.5,259.83,256.89,503.84,256.9,503.84,334.52
261.41,334.5,261.42,258.19,505.42,258.2,505.42,334.51
263.0,334.5,263.0,259.5,507.0,259.5,507.0,334.5
