135.5,152.0,135.5,28.0,176.5,28.0,176.5,152.0
135.42,152.1,135.45,28.13,176.4,28.14,176.36,152.11
135.33,152.2,135.41,28.26,176.31,28.28,176.23,152.22
135.25,152.29,135.36,28.39,176.21,28.43,176.09,152.33
135.16,152.39,135.32,28.52,176.11,28.57,175.96,152.44
135.08,152.49,135.27,28.64,176.02,28.71,175.82,152.56
134.99,152.59,135.23,28.77,175.92,28.85,175.68,152.67
134.91,152.69,135.18,28.9,175.82,28.99,175.55,152.78
134.82,152.79,135.14,29.03,175.73,29.13,175.41,152.89
134.74,152.88,135.09,29.16,175.63,29.28,175.28,153.0
134.65,152.98,135.04,29.29,175.53,29.42,175.14,153.11
134.57,153.08,135.0,29.42,175.44,29.56,175.01,153.22
134.48,153.18,134.95,29.55,175.34,29.7,174.87,153.33
134.4,153.28,134.91,29.68,175.24,29.84,174.73,153.44
134.31,153.38,134.86,29.8,175.15,29.98,174.6,153.56
134.23,153.47,134.82,29.93,175.05,30.13,174.46,153.67
134.14,153.57,134.77,30.06,174.95,30.27,174.33,153.78
134.06,153.67,134.73,30.19,174.86,30.41,174.19,153.89
133.97,153.77,134.68,30.32,174.76,30.55,174.05,154.0
133.89,153.87,134.63,30.45,174.66,30.69,173.92,154.11
133.81,153.97,134.59,30.58,174.57,30.83,173.78,154.22
133.72,154.06,134.54,30.71,174.47,30.98,173.65,154.33
133.64,154.16,134.5,30.84,174.37,31.12,173.51,154.44
133.55,154.26,134.45,30.97,174.28,31.26,173.38,154.55
133.47,154.36,134.41,31.1,174.18,31.4,173.24,154.66
133.38,154.46,134.36,31.23,174.08,31.54,173.1,154.77
133.3,154.56,134.31,31.36,173.98,31.68,172.97,154.88
133.21,154.66,134.27,31.48,173.89,31.82,172.83,155.0
133.13,154.75,134.22,31.61,173.79,31.97,172.7,155.11
133.04,154.85,134.18,31.74,173.69,32.11,172.56,155.22
132.96,154.95,134.13,31.87,173.6,32.25,172.43,155.33
132.88,155.05,134.09,32.0,173.5,32.39,172.29,155.44
132.79,155.15,134.04,32.13,173.4,32.53,172.15,155.55
132.71,155.25,133.99,32.26,173.31,32.67,172.02,155.66
132.62,155.35,133.95,32.39,173.21,32.81,171.88,155.77
132.54,155.44,133.9,32.52,173.11,32.96,171.75,155.88
132.45,155.54,133.86,32.65,173.01,33.1,171.61,155.99
132.37,155.64,133.81,32.78,172.92,33.24,171.48,156.1
132.28,155.74,133.77,32.91,172.82,33.38,171.34,156.21
132.2,155.84,133.72,33.04,172.72,33.52,171.2,156.32
132.12,155.94,133.67,33.17,172.63,33.66,171.07,156.43
132.03,156.04,133.63,33.3,172.53,33.8,170.93,156.54
131.95,156.13,133.58,33.43,172.43,33.95,170.8,156.65
131.86,156.23,133.54,33.56,172.34,34.09,170.66,156.76
131.78,156.33,133.49,33.69,172.24,34.23,170.53,156.87
131.69,156.43,133.44,33.82,172.14,34.37,170.39,156.98
131.61,156.53,133.4,33.95,172.04,34.51,170.25,157.09
131.52,156.63,133.35,34.08,171.95,34.65,170.12,157.2
131.44,156.73,133.31,34.21,171.85,34.79,169.98,157.31
131.36,156.82,133.26,34.34,171.75,34.94,169.85,157.42
131.27,156.92,133.21,34.47,171.66,35.08,169.71,157.53
131.19,157.02,133.17,34.6,171.56,35.22,169.58,157.64
131.1,157.12,133.12,34.73,171.46,35.36,169.44,157.75
131.02,157.22,133.08,34.86,171.36,35.5,169.31,157.86
130.93,157.32,133.03,34.99,171.27,35.64,169.17,157.97
130.85,157.42,132.99,35.12,171.17,35.78,169.03,158.08
130.49,157.52,133.61,35.26,171.67,36.23,168.55,158.49
130.13,157.61,134.24,35.41,172.17,36.69,168.07,158.88
129.78,157.7,134.86,35.57,172.67,37.14,167.59,159.28
129.42,157.79,135.49,35.73,173.17,37.6,167.1,159.66
129.07,157.88,136.12,35.89,173.67,38.06,166.62,160.05
128.72,157.96,136.75,36.06,174.16,38.53,166.13,160.42
128.37,158.04,137.38,36.24,174.66,39.0,165.64,160.8
128.02,158.12,138.01,36.42,175.15,39.47,165.16,161.16
127.67,158.19,138.64,36.6,175.64,39.94,164.67,161.53
127.33,158.26,139.27,36.79,176.13,40.42,164.18,161.88
126.99,158.33,139.91,36.99,176.61,40.9,163.69,162.24
126.64,158.39,140.54,37.19,177.1,41.38,163.2,162.59
126.3,158.46,141.17,37.39,177.58,41.86,162.71,162.93
125.97,158.52,141.81,37.6,178.06,42.35,162.22,163.27
125.63,158.57,142.44,37.82,178.54,42.84,161.73,163.6
125.3,158.63,143.07,38.04,179.02,43.34,161.24,163.93
124.96,158.68,143.71,38.26,179.49,43.83,160.75,164.25
124.63,158.73,144.34,38.49,179.97,44.33,160.26,164.57
120.29,157.27,141.69,37.96,177.31,44.35,155.91,163.66
115.97,155.81,139.04,37.44,174.63,44.38,151.56,162.75
111.66,154.33,136.37,36.93,171.94,44.42,147.23,161.82
107.37,152.84,133.7,36.43,169.23,44.47,142.9,160.88
103.09,151.34,131.02,35.94,166.51,44.53,138.58,159.93
98.83,149.83,128.33,35.46,163.77,44.6,134.27,158.97
94.59,148.31,125.63,35.0,161.01,44.69,129.97,158.0
92.82,147.32,123.45,35.5,159.37,45.34,128.74,157.16
91.06,146.33,121.27,36.01,157.72,45.99,127.51,156.31
89.29,145.34,119.09,36.51,156.08,46.64,126.28,155.47
87.52,144.35,116.91,37.02,154.44,47.29,125.05,154.62
85.75,143.36,114.73,37.52,152.8,47.94,123.82,153.78
83.98,142.37,112.55,38.02,151.16,48.59,122.59,152.94
87.34,141.79,115.81,37.76,154.28,48.29,125.81,152.32
90.69,141.21,119.07,37.5,157.4,47.99,129.02,151.7
94.04,140.64,122.33,37.23,160.53,47.68,132.24,151.09
97.39,140.06,125.59,36.97,163.65,47.38,135.46,150.47
100.74,139.48,128.85,36.71,166.77,47.08,138.67,149.85
104.1,138.9,132.11,36.44,169.9,46.78,141.89,149.24
107.45,138.33,135.37,36.18,173.02,46.47,145.1,148.62
110.8,137.75,138.63,35.92,176.14,46.17,148.32,148.0
114.15,137.17,141.89,35.65,179.27,45.87,151.53,147.39
114.54,137.2,142.26,35.72,179.59,45.92,151.87,147.4
114.92,137.23,142.62,35.79,179.92,45.97,152.21,147.41
115.3,137.26,142.99,35.85,180.24,46.02,152.55,147.43
115.69,137.29,143.36,35.92,180.56,46.08,152.89,147.44
116.07,137.31,143.73,35.99,180.89,46.13,153.23,147.46
116.45,137.34,144.1,36.05,181.21,46.18,153.57,147.47
116.84,137.37,144.47,36.12,181.54,46.24,153.91,147.49
117.22,137.4,144.84,36.19,181.86,46.29,154.24,147.5
117.61,137.43,145.2,36.25,182.18,46.34,154.58,147.52
117.99,137.46,145.57,36.32,182.51,46.39,154.92,147.53
118.37,137.48,145.94,36.39,182.83,46.45,155.26,147.54
118.76,137.51,146.31,36.45,183.16,46.5,155.6,147.56
119.14,137.54,146.68,36.52,183.48,46.55,155.94,147.57
119.52,137.57,147.05,36.59,183.8,46.6,156.28,147.59
119.91,137.6,147.42,36.65,184.13,46.66,156.62,147.6
120.29,137.63,147.79,36.72,184.45,46.71,156.96,147.62
120.67,137.65,148.15,36.79,184.78,46.76,157.3,147.63
121.06,137.68,148.52,36.85,185.1,46.82,157.63,147.64
121.44,137.71,148.89,36.92,185.42,46.87,157.97,147.66
121.82,137.74,149.26,36.99,185.75,46.92,158.31,147.67
122.21,137.77,149.63,37.05,186.07,46.97,158.65,147.69
122.59,138.23,150.05,37.38,186.7,47.36,159.25,148.21
122.98,138.7,150.46,37.7,187.33,47.74,159.85,148.74
123.36,139.17,150.88,38.03,187.97,48.12,160.44,149.26
123.74,139.63,151.3,38.35,188.6,48.5,161.04,149.78
124.13,140.1,151.72,38.68,189.23,48.88,161.64,150.31
124.51,140.57,152.14,39.01,189.86,49.27,162.24,150.83
124.9,141.04,152.55,39.33,190.49,49.65,162.83,151.35
125.28,141.5,152.97,39.66,191.12,50.03,163.43,151.88
125.66,141.97,153.39,39.98,191.75,50.41,164.03,152.4
126.05,142.44,153.81,40.31,192.39,50.8,164.63,152.92
126.43,142.9,154.23,40.63,193.02,51.18,165.22,153.45
126.82,143.37,154.64,40.96,193.65,51.56,165.82,153.97
127.2,143.84,155.06,41.29,194.28,51.94,166.42,154.49
127.19,148.74,155.19,45.69,195.34,56.59,167.35,159.65
127.19,153.64,155.31,50.09,196.4,61.25,168.28,164.8
127.19,158.54,155.43,54.49,197.46,65.9,169.21,169.95
127.18,163.44,155.56,58.89,198.52,70.55,170.15,175.1
127.18,168.34,155.68,63.29,199.58,75.2,171.08,180.25
116.85,155.77,169.71,54.99,209.87,76.06,157.01,176.83
107.77,140.84,184.38,50.11,218.91,79.27,142.31,170.0
100.49,123.78,198.85,48.78,226.16,84.61,127.8,159.61
95.5,104.96,212.25,50.95,231.11,91.71,114.36,145.72
93.26,84.87,223.76,56.35,233.32,100.08,102.82,128.61
94.07,64.1,232.6,64.52,232.47,109.14,93.94,108.72
106.72,41.85,238.03,82.57,224.91,124.87,93.6,84.15
124.39,23.51,237.1,100.37,212.33,136.69,99.62,59.84
145.67,10.36,230.21,116.08,196.14,143.33,111.59,37.61
168.87,3.17,218.29,128.07,178.02,144.0,128.6,19.11
192.15,2.21,202.68,135.05,159.83,138.45,149.3,5.61
213.23,19.55,186.28,146.26,144.08,137.28,171.02,10.58
230.41,41.59,170.29,152.12,132.23,131.42,192.35,20.89
242.57,66.89,156.11,153.1,125.39,122.3,211.85,36.09
249.1,93.75,144.95,150.03,124.19,111.61,228.34,55.34
249.92,120.45,137.7,143.99,128.7,101.09,240.92,77.55
245.46,145.33,134.89,136.26,138.48,92.39,249.05,101.46
232.94,159.54,132.73,123.24,147.19,83.35,247.39,119.65
218.19,170.14,134.61,111.31,158.11,77.91,241.7,136.74
202.34,176.81,139.92,101.46,170.15,76.41,232.58,151.77
186.5,179.55,147.86,94.42,182.17,78.84,220.82,163.97
171.73,178.66,157.49,90.67,193.13,84.9,207.37,172.89
156.23,176.78,157.31,77.9,197.89,78.35,196.81,177.22
139.69,172.68,159.38,65.84,203.69,74.01,184.0,180.85
122.59,166.09,163.59,55.02,210.05,72.17,169.05,183.24
106.65,140.7,174.89,48.47,214.08,77.47,145.85,169.7
95.7,113.57,184.08,46.31,213.13,84.5,124.75,151.76
89.87,86.23,190.11,47.68,207.05,91.75,106.82,130.29
88.88,60.14,192.25,51.46,196.14,97.74,92.77,106.42
98.96,46.67,199.84,62.07,193.17,105.71,92.3,90.31
111.04,35.13,203.99,72.99,188.2,111.75,95.26,73.89
124.61,25.87,204.8,83.37,181.75,115.51,101.56,58.01
139.09,19.08,202.55,92.42,174.38,116.8,110.92,43.46
153.89,14.84,197.73,99.46,166.69,115.54,122.85,30.92
164.43,17.43,194.52,104.22,163.89,114.85,133.8,28.06
174.38,20.86,191.03,107.69,161.68,113.32,145.03,26.49
183.64,24.98,187.48,109.87,160.16,111.1,156.32,26.21
192.15,29.65,184.08,110.78,159.39,108.33,167.46,27.2
205.34,40.59,175.07,112.08,151.24,101.99,181.51,30.5
214.91,54.13,167.29,110.44,146.72,93.05,194.34,36.74
220.31,68.92,161.41,106.47,146.36,82.86,205.26,45.31
221.5,83.54,157.86,100.89,150.22,72.84,213.86,55.49
218.86,96.64,156.83,94.45,157.9,64.34,219.93,66.53
214.97,108.58,153.01,91.33,161.03,62.54,222.98,79.79
209.49,119.75,151.34,87.4,165.75,61.5,223.9,93.86
202.59,129.8,151.98,83.21,171.88,61.59,222.49,108.18
194.52,138.37,154.98,79.38,179.19,63.15,218.73,122.15
185.63,145.2,160.21,76.49,187.32,66.46,212.73,135.18
176.31,150.07,167.42,75.1,195.87,71.73,204.76,146.7
173.57,146.0,169.48,73.37,197.84,71.77,201.93,144.4
171.05,141.78,171.44,71.8,199.6,71.96,199.21,141.94
168.76,137.45,173.27,70.38,201.13,72.26,196.61,139.33
166.69,133.02,174.99,69.1,202.43,72.66,194.13,136.58
167.25,132.51,176.02,68.4,203.19,72.12,194.42,136.22
167.8,131.99,177.05,67.71,203.96,71.59,194.7,135.86
168.35,131.47,178.09,67.03,204.72,71.05,194.98,135.49
168.9,130.95,179.13,66.34,205.49,70.51,195.26,135.13
169.45,130.44,180.17,65.66,206.26,69.98,195.54,134.75
170.0,129.92,181.21,64.98,207.03,69.44,195.82,134.38
170.55,129.4,182.26,64.31,207.8,68.91,196.09,133.99
171.1,128.88,183.3,63.64,208.57,68.37,196.36,133.61
171.64,128.37,184.35,62.98,209.34,67.83,196.63,133.22
172.19,127.85,185.4,62.32,210.11,67.3,196.9,132.83
172.73,127.33,186.45,61.66,210.89,66.76,197.17,132.44
173.27,126.81,187.5,61.0,211.67,66.23,197.44,132.04
172.23,126.75,186.97,60.81,210.86,66.14,196.12,132.09
171.19,126.68,186.44,60.61,210.05,66.06,194.8,132.13
170.15,126.61,185.92,60.42,209.25,65.98,193.48,132.17
169.1,126.55,185.39,60.24,208.44,65.9,192.15,132.21
168.06,126.48,184.87,60.05,207.64,65.82,190.83,132.24
167.01,126.42,184.34,59.87,206.84,65.73,189.51,132.27
165.96,126.35,183.82,59.7,206.04,65.65,188.18,132.3
