174.5,179.0,174.5,17.0,211.5,17.0,211.5,179.0
174.21,179.39,174.23,18.28,211.29,18.29,211.28,179.39
173.93,179.78,173.95,19.57,211.08,19.57,211.05,179.79
173.64,180.17,173.68,20.85,210.87,20.86,210.83,180.18
173.35,180.56,173.41,22.13,210.66,22.14,210.6,180.58
173.07,180.95,173.13,23.42,210.45,23.43,210.38,180.97
172.78,181.34,172.86,24.7,210.23,24.72,210.16,181.36
172.49,181.74,172.59,25.98,210.02,26.0,209.93,181.76
172.21,182.13,172.31,27.26,209.81,27.29,209.71,182.15
171.92,182.52,172.04,28.55,209.6,28.58,209.49,182.55
171.64,182.91,171.76,29.83,209.39,29.86,209.26,182.94
171.35,183.3,171.49,31.11,209.18,31.15,209.04,183.33
171.06,183.69,171.22,32.4,208.97,32.43,208.81,183.73
170.78,184.08,170.94,33.68,208.75,33.72,208.59,184.12
170.49,184.47,170.67,34.96,208.54,35.01,208.37,184.52
170.21,184.86,170.39,36.25,208.33,36.29,208.15,184.91
169.92,185.25,170.12,37.53,208.12,37.58,207.92,185.3
169.64,185.64,169.84,38.81,207.91,38.87,207.7,185.7
169.35,186.03,169.57,40.09,207.69,40.15,207.48,186.09
169.07,186.42,169.29,41.38,207.48,41.44,207.25,186.49
168.78,186.82,169.02,42.66,207.27,42.72,207.03,186.88
168.5,187.21,168.74,43.94,207.06,44.01,206.81,187.27
168.21,187.6,168.47,45.23,206.84,45.3,206.59,187.67
167.93,187.99,168.19,46.51,206.63,46.58,206.36,188.06
167.64,188.38,167.92,47.79,206.42,47.87,206.14,188.46
167.36,188.77,167.64,49.08,206.21,49.16,205.92,188.85
167.07,189.16,167.37,50.36,205.99,50.44,205.7,189.24
166.79,189.55,167.09,51.64,205.78,51.73,205.47,189.64
166.5,189.94,166.82,52.92,205.57,53.01,205.25,190.03
166.22,190.33,166.54,54.21,205.36,54.3,205.03,190.43
165.93,190.72,166.27,55.49,205.14,55.59,204.81,190.82
165.65,191.11,165.99,56.77,204.93,56.87,204.58,191.21
165.36,191.5,165.72,58.06,204.72,58.16,204.36,191.61
165.08,191.89,165.44,59.34,204.5,59.45,204.14,192.0
164.79,192.29,165.17,60.62,204.29,60.73,203.92,192.4
164.51,192.68,164.89,61.91,204.08,62.02,203.7,192.79
164.23,193.07,164.61,63.19,203.86,63.31,203.48,193.18
163.94,193.46,164.34,64.47,203.65,64.59,203.25,193.58
163.66,193.85,164.06,65.75,203.44,65.88,203.03,193.97
163.37,194.24,163.79,67.04,203.22,67.16,202.81,194.37
163.09,194.63,163.51,68.32,203.01,68.45,202.59,194.76
161.23,194.49,164.83,69.13,204.37,70.26,200.77,195.63
159.4,194.32,166.14,69.97,205.7,72.12,198.97,196.46
157.61,194.1,167.43,70.86,206.99,74.01,197.18,197.25
155.86,193.85,168.71,71.78,208.25,75.94,195.4,198.01
154.15,193.56,169.98,72.74,209.46,77.91,193.63,198.73
152.48,193.23,171.24,73.73,210.63,79.92,191.88,199.41
150.85,192.87,172.48,74.77,211.76,81.96,190.14,200.06
149.27,192.47,173.7,75.83,212.85,84.03,188.42,200.67
147.72,192.04,174.9,76.93,213.9,86.14,186.72,201.25
146.22,191.59,176.09,78.06,214.9,88.27,185.03,201.8
144.77,191.1,177.26,79.23,215.86,90.44,183.36,202.31
143.36,190.58,178.41,80.42,216.77,92.63,181.72,202.79
141.99,190.04,179.54,81.65,217.63,94.85,180.09,203.24
140.68,189.48,180.65,82.91,218.45,97.09,178.48,203.66
139.4,188.89,181.74,84.2,219.23,99.36,176.9,204.05
138.18,188.28,182.8,85.51,219.95,101.65,175.33,204.41
137.01,187.65,183.84,86.86,220.63,103.95,173.79,204.74
135.88,187.0,184.86,88.23,221.26,106.28,172.28,205.05
136.7,188.12,185.43,86.61,221.24,103.8,172.51,205.31
137.56,189.25,185.98,84.99,221.18,101.33,172.76,205.59
138.46,190.36,186.5,83.34,221.08,98.86,173.04,205.88
139.4,191.47,187.0,81.69,220.94,96.4,173.34,206.19
140.38,192.58,187.48,80.02,220.76,93.95,173.66,206.5
141.4,193.67,187.93,78.34,220.54,91.5,174.01,206.83
142.45,194.76,188.36,76.65,220.29,89.06,174.38,207.17
143.55,195.84,188.76,74.95,219.99,86.63,174.78,207.52
144.68,196.92,189.14,73.24,219.66,84.21,175.2,207.89
145.86,197.98,189.49,71.51,219.28,81.79,175.65,208.26
147.07,199.03,189.81,69.78,218.87,79.39,176.13,208.64
142.1,191.08,194.95,70.06,226.27,83.73,173.42,204.75
137.97,182.52,199.78,70.45,232.83,88.68,171.02,200.75
134.74,173.46,204.33,70.94,238.5,94.13,168.91,196.65
132.44,164.0,208.59,71.47,243.23,99.98,167.07,192.51
131.1,154.25,212.6,72.03,246.99,106.12,165.5,188.34
130.77,144.33,216.37,72.59,249.76,112.44,164.16,184.17
131.43,134.35,219.93,73.12,251.53,118.81,163.03,180.03
133.08,124.42,223.3,73.62,252.31,125.12,162.09,175.93
135.71,114.67,226.51,74.06,252.1,131.27,161.3,171.88
139.3,105.19,229.6,74.44,250.95,137.14,160.65,167.89
143.79,96.1,232.57,74.75,248.89,142.62,160.1,163.97
149.13,87.49,235.48,75.01,245.98,147.62,159.63,160.1
155.27,79.47,238.33,75.2,242.27,152.03,159.21,156.3
158.04,75.33,238.81,76.78,237.42,154.07,156.64,152.61
161.02,71.54,239.13,78.38,232.35,155.75,154.24,148.91
164.19,68.12,239.28,79.99,227.1,157.06,152.01,145.2
167.51,65.09,239.28,81.59,221.7,158.0,149.93,141.49
170.94,62.44,239.12,83.19,216.19,158.54,148.01,137.79
174.46,60.19,238.81,84.76,210.58,158.69,146.23,134.11
178.03,58.34,238.37,86.31,204.93,158.43,144.6,130.46
181.62,56.89,237.79,87.82,199.26,157.78,143.09,126.84
185.2,55.84,237.08,89.3,193.6,156.72,141.72,123.26
197.97,54.95,237.45,108.87,176.52,153.49,137.04,99.57
209.79,58.15,228.7,127.54,160.39,146.17,141.47,76.77
219.65,65.07,211.98,141.71,146.21,135.12,153.89,58.48
226.64,75.13,189.76,148.5,134.92,120.94,171.79,47.57
229.94,87.54,165.49,146.29,127.31,104.41,191.76,45.66
228.91,101.27,142.96,134.93,124.02,86.55,209.97,52.89
223.18,115.12,125.78,115.83,125.44,68.58,222.84,67.87
219.21,122.06,123.65,104.49,132.21,57.97,227.76,75.54
213.68,127.81,123.36,92.67,140.53,48.54,230.85,83.67
206.86,132.1,124.96,80.74,150.15,40.58,232.05,91.94
199.04,134.71,128.44,69.03,160.76,34.29,231.36,99.96
190.56,135.49,133.71,57.91,172.04,29.83,228.89,107.41
181.78,134.36,140.64,47.69,183.61,27.29,224.75,113.96
173.08,131.28,149.03,38.66,195.11,26.69,219.16,119.31
164.8,126.32,158.61,31.07,206.18,27.98,212.37,123.23
157.31,119.59,169.11,25.11,216.47,31.03,204.67,125.51
151.3,114.74,179.17,23.96,224.84,37.98,196.96,128.76
146.43,108.74,189.46,24.36,232.06,46.09,189.03,130.47
142.89,101.81,199.7,26.33,237.95,55.12,181.14,130.6
140.82,94.2,209.64,29.84,242.38,64.84,173.55,129.2
140.31,86.17,219.02,34.8,245.24,74.98,166.53,126.34
141.41,78.0,227.59,41.1,246.49,85.25,160.31,122.15
144.12,69.97,235.13,48.58,246.14,95.38,155.12,116.78
148.38,62.37,241.48,57.03,244.23,105.08,151.13,110.42
154.09,55.45,246.47,66.25,240.87,114.11,148.49,103.31
158.59,49.44,247.53,75.8,233.83,122.04,144.88,95.68
164.19,44.54,247.1,85.59,225.68,128.86,142.76,87.81
170.68,40.91,245.17,95.39,216.63,134.41,142.15,79.93
177.83,38.71,241.75,104.93,206.93,138.53,143.02,72.31
185.39,38.0,236.92,113.97,196.83,141.16,145.3,65.19
193.09,38.84,230.77,122.27,186.58,142.24,148.89,58.81
200.65,41.23,223.47,129.64,176.47,141.77,153.65,53.36
207.82,45.11,215.18,135.88,166.75,139.81,159.38,49.04
214.35,50.4,206.12,140.85,157.67,136.44,165.9,45.99
221.74,55.43,196.77,142.5,149.96,129.08,174.92,42.01
227.8,61.77,187.08,142.4,143.57,120.43,184.29,39.79
232.34,69.13,177.38,140.51,138.71,110.74,193.66,39.36
235.17,77.21,168.0,136.87,135.55,100.34,202.72,40.68
236.2,85.66,159.25,131.56,134.19,89.56,211.14,43.66
235.39,94.16,151.44,124.75,134.68,78.75,218.63,48.16
232.78,102.34,144.82,116.62,136.96,68.24,224.92,53.96
228.45,109.87,139.62,107.43,140.96,58.39,229.8,60.83
222.57,116.45,136.0,97.46,146.52,49.49,233.09,68.47
215.34,121.79,134.09,87.02,153.43,41.82,234.68,76.59
207.02,125.67,133.92,76.44,161.42,35.62,234.52,84.86
197.92,127.92,135.51,66.03,170.2,31.05,232.61,92.94
188.35,128.41,138.77,56.13,179.44,28.23,229.02,100.52
178.65,127.09,143.59,47.03,188.82,27.23,223.87,107.29
169.17,123.98,149.79,39.01,197.97,28.02,217.35,112.99
161.87,122.11,157.6,35.3,206.54,32.89,210.81,119.7
155.29,118.94,166.18,32.95,214.38,39.05,203.49,125.04
149.66,114.62,175.28,32.08,221.28,46.36,195.65,128.9
145.13,109.35,184.63,32.74,227.07,54.63,187.57,131.23
141.87,103.32,193.96,34.96,231.6,63.65,179.5,132.0
139.96,96.77,202.99,38.7,234.77,73.19,171.74,131.26
139.48,89.94,211.45,43.87,236.52,83.02,164.54,129.09
140.44,83.07,219.12,50.34,236.82,92.87,158.14,125.61
142.83,76.43,225.77,57.96,235.69,102.51,152.76,120.98
146.58,70.24,231.22,66.51,233.21,111.69,148.57,115.43
151.58,64.73,235.33,75.77,229.48,120.19,145.72,109.16
157.69,60.1,238.01,85.49,224.63,127.82,144.31,102.43
165.79,55.39,237.99,98.3,215.53,136.1,143.32,93.19
175.09,52.79,235.43,110.88,205.22,142.25,144.88,84.17
185.08,52.53,230.45,122.64,194.23,146.08,148.86,75.97
195.21,54.69,223.31,133.07,183.1,147.49,155.0,69.11
204.93,59.22,214.39,141.7,172.37,146.52,162.91,64.04
212.7,63.51,205.36,146.17,163.37,142.45,170.71,59.78
219.45,69.38,195.63,148.85,155.39,136.79,179.21,57.32
224.89,76.61,185.57,149.63,148.72,129.78,188.04,56.76
228.78,84.89,175.59,148.48,143.6,121.71,196.79,58.13
230.95,93.91,166.06,145.46,140.2,112.91,205.09,61.36
231.27,103.28,157.36,140.7,138.65,103.75,212.56,66.33
229.72,112.65,149.82,134.42,138.97,94.6,218.87,72.83
226.34,121.64,143.72,126.87,141.12,85.83,223.74,80.59
221.24,129.88,139.29,118.38,144.99,77.8,226.94,89.3
214.61,137.06,136.69,109.31,150.39,70.84,228.31,98.59
206.7,142.88,135.98,100.03,157.07,65.23,227.79,108.09
197.8,147.13,137.18,90.93,164.74,61.2,225.36,117.4
188.25,149.63,140.2,82.4,173.06,58.91,221.11,126.14
178.41,150.29,144.89,74.8,181.67,58.47,215.19,133.96
172.47,150.58,150.16,72.08,191.52,60.33,213.83,138.83
166.75,149.56,155.83,69.69,201.15,63.49,212.07,143.36
161.46,147.28,161.87,67.66,210.35,67.91,209.94,147.53
156.79,143.84,168.24,66.05,218.93,73.5,207.48,151.29
151.34,138.79,180.3,63.79,227.66,82.08,198.71,157.07
147.37,132.29,193.14,64.07,234.92,92.1,189.15,160.32
145.18,124.67,206.15,67.02,240.4,103.23,179.43,160.89
144.99,116.32,218.69,72.63,243.88,115.11,170.18,158.8
146.96,107.65,230.15,80.75,245.21,127.31,162.01,154.2
151.12,99.12,239.96,91.08,244.33,139.35,155.49,147.4
157.45,91.21,247.62,103.2,241.29,150.79,151.12,138.8
157.83,91.22,246.4,104.28,238.8,155.77,150.24,142.71
158.28,91.26,245.23,105.36,236.25,160.73,149.31,146.63
158.79,91.34,244.11,106.43,233.64,165.64,148.32,150.55
159.36,91.46,243.05,107.49,230.97,170.52,147.29,154.48
159.99,91.62,242.03,108.55,228.24,175.35,146.2,158.42
160.68,91.81,241.07,109.61,225.45,180.15,145.06,162.35
161.43,92.05,240.15,110.66,222.6,184.91,143.87,166.29
162.23,92.33,239.29,111.72,219.69,189.62,142.63,170.23
163.1,92.66,238.48,112.77,216.72,194.29,141.34,174.17
164.02,93.03,237.72,113.83,213.7,198.91,140.0,178.11
160.96,91.85,238.41,114.91,214.3,195.88,136.86,172.83
157.88,90.61,239.02,116.03,214.93,192.92,133.79,167.5
154.77,89.31,239.54,117.21,215.58,190.02,130.81,162.12
151.62,87.94,239.99,118.43,216.27,187.18,127.91,156.69
148.46,86.51,240.35,119.69,216.98,184.41,125.09,151.23
145.26,85.01,240.62,120.99,217.72,181.7,122.36,145.72
142.05,83.45,240.81,122.33,218.48,179.06,119.71,140.18
138.81,81.82,240.91,123.71,219.26,176.48,117.15,134.59
135.55,80.12,240.93,125.12,220.06,173.98,114.68,128.97
132.27,78.35,240.85,126.57,220.88,171.54,112.3,123.32
128.97,76.52,240.69,128.05,221.72,169.17,110.0,117.64
125.66,74.61,240.44,129.56,222.58,166.87,107.8,111.92
122.33,72.64,240.1,131.1,223.45,164.64,105.68,106.18
126.78,70.59,239.01,134.94,220.86,166.59,108.64,102.24
131.29,68.79,237.7,138.58,218.21,168.29,111.81,98.5
135.84,67.25,236.18,142.02,215.53,169.74,115.19,94.97
140.41,65.95,234.48,145.23,212.82,170.93,118.75,91.65
144.98,64.9,232.61,148.22,210.11,171.88,122.48,88.57
149.55,64.1,230.59,150.96,207.41,172.59,126.37,85.73
154.08,63.54,228.43,153.46,204.74,173.05,130.39,83.13
158.57,63.21,226.16,155.71,202.11,173.29,134.52,80.78
163.0,63.1,223.8,157.71,199.54,173.29,138.75,78.68
167.37,63.21,221.35,159.45,197.04,173.08,143.06,76.85
171.64,63.53,218.85,160.92,194.63,172.66,147.42,75.27
175.82,64.05,216.31,162.14,192.32,172.04,151.83,73.96
179.89,64.76,213.75,163.1,190.11,171.24,156.25,72.9
